4.183393653895253195e+00
4.164934628602761535e+00
4.127097061962724744e+00
4.089423675330572827e+00
4.147424659043524642e+00
4.225710332424477578e+00
4.289994422448747180e+00
4.394685890570176667e+00
4.419187877888883342e+00
4.707390207527034853e+00
4.670069289264043633e+00
4.579558098869088489e+00
4.636350608720842814e+00
4.702022016524492365e+00
4.763101377507476641e+00
4.996042772079285932e+00
5.179765042572726408e+00
5.353919192667404126e+00
5.517677689202458602e+00
5.630740984535564486e+00
5.835220473758655046e+00
6.016003007817607440e+00
6.145627439315299867e+00
6.227595573527072936e+00
6.368269758552489002e+00
6.496658663135733924e+00
6.700615019294944297e+00
6.923009965415923617e+00
7.147402111259778756e+00
7.456294310294875771e+00
7.944034282616222242e+00
8.562771681852897387e+00
9.122959524347116655e+00
9.235865939534591007e+00
8.678578331373158150e+00
9.560162444812251081e+00
9.771901356302755914e+00
9.960627196243045489e+00
9.354038794947406643e+00
9.011000796383047629e+00
8.678586212033442493e+00
8.266855277490099851e+00
7.798903478014779012e+00
7.108214735416320096e+00
6.903683015187795036e+00
6.558889521238469911e+00
6.628865463094136601e+00
6.709013761011981991e+00
6.743963539795144513e+00
6.770100364525960757e+00
6.773555060294320640e+00
6.884584199060134857e+00
6.914121229176244832e+00
6.873628715197255268e+00
6.941345756374111886e+00
6.915733198376855739e+00
6.735817865388100678e+00
6.320896260398522593e+00
6.028504830863749220e+00
6.055156218990364714e+00
6.049300677609807053e+00
6.048636263416868886e+00
6.102391355099558545e+00
6.132288175878958469e+00
6.066953245615008150e+00
6.078229317002706189e+00
6.092010301165543318e+00
6.163540661734487891e+00
6.206699535759800490e+00
6.218923866591808292e+00
6.248814672955468552e+00
6.288920435421979427e+00
6.338317110897026652e+00
6.340854761571672604e+00
6.306161742384178481e+00
6.316616691860364341e+00
6.226853391388303294e+00
6.224964386582251485e+00
6.204472958459892773e+00
6.203454743289617213e+00
6.156638884804021217e+00
6.112912958484524317e+00
6.113646271993357750e+00
6.152218077072215685e+00
6.171180019913298231e+00
6.167457905930414874e+00
5.782387629636923876e+00
5.309497766967539611e+00
4.984164780164804576e+00
4.835911164163755771e+00
4.757797507144773341e+00
4.736407466621129103e+00
4.778194032567212091e+00
4.885334446128819508e+00
4.953053097432528418e+00
5.053574200399288507e+00
5.114768504853006270e+00
5.251442579668710309e+00
5.558538153198075982e+00
5.774145016626001770e+00
6.029423682199895218e+00
6.252026137298900110e+00
6.657914726945838524e+00
7.072721878394474082e+00
7.530292811361760208e+00
7.927607127968308909e+00
8.292495626336554793e+00
8.449884445959101598e+00
8.551653109038250378e+00
8.560238885609994242e+00
8.560240104794198501e+00
8.455004605874712809e+00
8.221936292282022052e+00
8.039317563478547868e+00
7.968415617580221877e+00
7.851541592606601228e+00
7.693513021373084904e+00
7.321529639427795999e+00
7.090941910299354944e+00
6.891884324223599201e+00
6.643196929400188466e+00
6.414372927190894025e+00
6.060806286283616728e+00
5.832923758000646330e+00
5.705328224053467068e+00
5.691944634781478385e+00
5.805878267650850688e+00
5.739170785186181512e+00
5.316359231240714855e+00
4.930888199800764760e+00
4.584313130958078908e+00
4.418817360162135444e+00
4.208639244744809105e+00
4.047179474665987264e+00
3.909023619972410213e+00
3.881550005068466369e+00
3.845928842090786670e+00
3.764873306701371547e+00
3.684175073635533426e+00
3.597677172491421604e+00
3.516167900249222100e+00
3.470788398278965570e+00
3.392147637567356711e+00
3.350259618533618866e+00
3.340183735279088406e+00
3.333454860191908509e+00
3.322237778237949080e+00
3.270262802435205174e+00
3.244980816782683686e+00
3.206301420893452825e+00
3.175433964583041391e+00
3.208393898957692780e+00
3.222577436176981003e+00
3.225756015681318534e+00
3.224211194074379616e+00
3.220022698518357984e+00
3.237994145508958255e+00
3.155985311962756334e+00
3.190755799472581256e+00
3.203823152653751283e+00
3.204506502482471930e+00
3.342932199015039352e+00
3.731663109905960063e+00
4.070198653671032396e+00
4.397707231560624486e+00
4.869130126545333503e+00
5.118990975491426454e+00
5.547836622733346879e+00
5.618444725330722811e+00
5.640034811891517563e+00
5.663557592344344194e+00
5.668332076912824036e+00
5.642523377647062688e+00
5.567633308562589534e+00
5.517956913701346444e+00
5.445889684285693200e+00
5.412222562498486766e+00
5.392530585783778641e+00
5.370013857035708327e+00
5.348194726182370573e+00
5.347369460913059314e+00
5.362463801402594932e+00
5.389254234610228345e+00
5.430862799294774668e+00
5.469872854746745006e+00
5.526453434187041047e+00
5.581935303136864590e+00
5.681534920126133592e+00
5.743995174195404729e+00
5.822255617631602931e+00
5.886708962574480175e+00
5.921254303722146339e+00
5.948552728430565928e+00
5.971826914105410999e+00
6.009249908611235647e+00
6.060107501863059021e+00
6.011459142654143051e+00
5.792137440236378332e+00
5.737386156004593118e+00
5.698173933599359309e+00
5.647854477850503763e+00
5.632185344320702391e+00
5.618269051938397318e+00
5.606321815362927730e+00
5.587911410800158407e+00
5.586313064045019594e+00
5.570790860729947447e+00
5.586153206034990326e+00
5.595765289450397972e+00
5.558898930850380893e+00
5.556792983396805496e+00
5.524580978848237400e+00
5.409773318564578659e+00
5.354428832106817637e+00
5.318959463033772650e+00
5.315550423454515006e+00
4.826576399191866429e+00
4.265567637024551217e+00
4.265733166567272860e+00
4.192163566355736393e+00
4.127097061962724744e+00
4.089423675330572827e+00
4.147424659043524642e+00
4.225710332424477578e+00
4.289994422448747180e+00
4.394685890576251808e+00
4.592194480353986030e+00
4.739661255796397299e+00
5.062128239433809185e+00
5.402667661316781000e+00
5.683163936093940549e+00
6.052216465952208857e+00
6.445645067253415128e+00
6.959078741946290059e+00
7.710713787716779066e+00
7.697378040058794113e+00
7.576830308363983413e+00
7.321529639427795999e+00
7.090941910299354944e+00
6.561715911825661607e+00
6.023619083418132902e+00
5.853447157828105318e+00
5.628837702320155678e+00
5.261959749505994210e+00
4.914056051477015963e+00
4.688067520323123460e+00
4.515610675954050635e+00
4.284898681058860070e+00
4.068401098048098241e+00
3.878345856815672121e+00
3.669536269247809290e+00
3.550611291490104016e+00
3.398766920836161276e+00
3.257688041574897220e+00
3.117651057640304035e+00
3.010178337086097500e+00
2.935221882754905032e+00
2.809279509747847570e+00
2.718804213734336894e+00
2.658883836385753430e+00
2.576986608053403849e+00
2.578920703465372277e+00
2.586525468740228817e+00
2.583394649550573074e+00
2.648661314090103414e+00
2.748010231680302340e+00
2.745939515326991653e+00
2.756713224812465057e+00
2.772587912628989404e+00
2.781938161002571519e+00
2.868368285367672854e+00
2.929174344998271895e+00
3.004778691988396755e+00
3.137091641660114671e+00
3.307423539494966924e+00
3.348641896489295000e+00
3.371905719264754353e+00
3.322702638895860261e+00
3.268973726631294596e+00
3.241476151785826154e+00
3.389191326259473946e+00
3.429864617472652366e+00
3.412916282429913295e+00
3.447860821022038724e+00
3.489088563735794679e+00
3.444361140032126123e+00
3.395136770063901910e+00
3.355907705762942506e+00
3.392852684887070591e+00
3.362395560905820258e+00
3.375838180982658976e+00
3.416511739770508260e+00
3.498628404094203059e+00
3.589224993360146776e+00
3.742089743311695305e+00
3.887093412807578030e+00
3.958394315343482184e+00
4.036972804310673624e+00
4.120417373436730202e+00
4.212946773410454426e+00
4.213253773140237080e+00
4.209878949960180528e+00
4.218352552726347682e+00
4.193608885540967890e+00
4.178221289718247355e+00
4.175930585343953894e+00
4.181824386907384117e+00
4.183763945233805792e+00
4.223984532362683453e+00
4.244287419521959315e+00
4.263304911195797686e+00
4.331858729321341528e+00
4.375869076264820912e+00
4.403866023784145156e+00
4.429542420136538539e+00
4.459575446722402248e+00
4.506775496556948646e+00
4.506909742362171123e+00
4.504744576873171980e+00
4.499786647090123104e+00
4.532128719339354461e+00
4.554029785696696031e+00
4.568935639363548518e+00
4.587342970980536450e+00
4.604121935565641976e+00
4.600012697557802177e+00
4.604952554799544018e+00
4.609429649559793063e+00
4.629846606130207043e+00
4.668020949111943985e+00
4.703548593627200347e+00
4.794467391499267706e+00
4.869179138840516785e+00
4.949564164662421994e+00
5.070052825574840050e+00
5.140448772177134806e+00
5.215761443428232447e+00
5.219221732503073419e+00
5.034708131325768221e+00
4.884258441636375458e+00
4.862073210204272300e+00
4.943241143554798711e+00
4.948284364078004316e+00
4.978807926929651906e+00
5.006264294417285932e+00
5.120385444833185140e+00
5.235131619047948881e+00
5.482317840902819484e+00
5.677867600959608296e+00
5.886789995473606929e+00
6.052776762259805210e+00
6.258850190163299132e+00
6.435522962162528948e+00
6.638542713726230282e+00
6.870109448362444304e+00
7.052634937035199947e+00
7.232025053403955184e+00
7.372896244076494909e+00
7.466166167231579998e+00
7.540937193916964709e+00
7.603511150525954498e+00
7.663937591943936312e+00
7.705456829983029721e+00
7.768583651759528586e+00
7.840760211352476361e+00
7.921908355067350804e+00
8.019403603759428734e+00
8.033027896971475457e+00
6.821921954431128476e+00
6.097765789020301419e+00
6.111161226472756169e+00
6.013939847680676465e+00
5.673643648301878173e+00
5.405324853193036461e+00
5.383262465462845370e+00
5.321749021725719508e+00
5.328573568023319496e+00
5.340879394933037538e+00
5.332380102364711050e+00
5.336988492140743112e+00
5.442836620580415286e+00
5.551855577882851556e+00
5.657795215046172999e+00
5.732587130532967201e+00
5.844645979741416753e+00
5.881044741522565289e+00
5.961119330707711050e+00
6.010627544635113395e+00
6.069392732372810961e+00
6.102416196265591175e+00
6.216200116957352861e+00
6.131879739484692671e+00
6.131397054277728742e+00
6.053371255527046024e+00
6.082835255492625492e+00
6.030135326010536367e+00
6.149352936438197581e+00
6.350205097658633058e+00
6.584516042164714200e+00
6.899565562104090333e+00
7.086058473388807677e+00
7.249787998183740534e+00
7.479009470505868507e+00
7.617975156096893130e+00
7.613105259970402550e+00
7.671691139244627422e+00
7.645661587907053303e+00
7.363037610559731938e+00
6.614681399467663425e+00
6.100296910863792554e+00
5.535677187504982832e+00
5.425217123189805868e+00
5.282777063055190681e+00
5.140404850523005997e+00
5.174574484991151913e+00
5.166767677989155594e+00
4.903478251192470161e+00
4.703167888221751802e+00
4.712611913142056963e+00
4.702852072986051013e+00
4.633167604921347937e+00
4.605920782788684775e+00
4.600775145204233141e+00
4.537964464749308924e+00
4.512582883891566254e+00
4.496314487027533779e+00
4.533589378411886806e+00
4.610865197728706733e+00
4.867683529846874357e+00
5.044274466643491550e+00
5.162916339896128193e+00
5.238412155228807876e+00
5.343396683099812527e+00
5.372040557849272702e+00
5.440562081137545469e+00
5.547882310730885891e+00
5.648946176088120552e+00
5.376077551301333024e+00
5.021642374380467899e+00
4.792633644119230318e+00
4.927091717216367073e+00
5.063492974717595629e+00
5.062718566536313247e+00
4.706834821548460113e+00
4.749378932049030944e+00
5.868895355396254843e+00
5.619441553424748825e+00
5.114120141815262421e+00
4.792961667699850103e+00
4.540415625899281160e+00
4.289407417728205552e+00
4.054848056215683449e+00
3.950948874387534282e+00
3.831905991407203338e+00
3.682684339197739298e+00
3.477560409608758452e+00
3.288359085822145200e+00
3.142551107727030058e+00
3.061295444952609301e+00
3.116465551142847623e+00
3.440499437668669280e+00
3.296334460198862004e+00
3.202541469508291883e+00
3.137830026939900208e+00
3.230838397022380626e+00
3.077392403773114626e+00
2.967677264539164028e+00
2.897158608740362240e+00
2.838224714244979019e+00
2.789470845990567494e+00
2.829733032611323029e+00
2.809206616618566521e+00
2.783577185808383536e+00
2.811282949015031729e+00
2.799574927442817440e+00
2.773087809648326019e+00
2.751962111754081342e+00
2.740940416047904282e+00
2.750009049706971354e+00
2.858244856669775125e+00
2.935221882754905032e+00
2.809279509747847570e+00
2.718804213734336894e+00
2.658883836385753430e+00
2.576986608053403849e+00
2.578920703465372277e+00
2.586525468740228817e+00
2.583394649550573074e+00
2.648661314090103414e+00
2.748010231680302340e+00
2.745939515326991653e+00
2.756713224812465057e+00
2.772587912628989404e+00
2.781938161002571519e+00
2.868368285367672854e+00
2.929174344998271895e+00
3.004778691988396755e+00
3.137091641660114671e+00
3.307423539494966924e+00
3.364647134731295619e+00
3.453652840499771504e+00
3.568147225262369826e+00
3.677314546233315440e+00
3.769266197344631752e+00
3.815651417080382135e+00
3.906053383696478587e+00
4.028348484414797426e+00
4.147049392481904739e+00
4.116454302223313988e+00
4.206751328260565082e+00
4.337311407406643227e+00
4.410046341426457239e+00
4.440472609650764291e+00
4.470030263022998440e+00
4.526680953608884117e+00
4.588843777860215134e+00
4.684202911642636913e+00
4.789600630036900064e+00
4.873457559792715443e+00
5.013842013434624434e+00
5.203995430536964228e+00
5.346891227027916749e+00
5.489529433951966020e+00
5.530244132952320868e+00
5.413427420904520559e+00
5.372468193536276360e+00
5.242193155500085133e+00
5.172865006578905245e+00
5.083563155995076244e+00
5.199513571583550764e+00
5.352775498787839759e+00
5.571851758537478716e+00
5.782023619573157802e+00
6.002811973414796221e+00
6.139506977933757881e+00
6.200564507963346905e+00
6.250486424437282196e+00
6.639347952228161098e+00
6.913184746290877314e+00
7.186658688755694691e+00
7.521529488210594749e+00
7.958233452852994994e+00
7.713395950948903845e+00
7.450159515031050006e+00
7.269590159745356495e+00
7.200163338083604536e+00
7.143745537151164449e+00
7.074809095901954059e+00
7.046269301237956029e+00
7.037326402733330433e+00
7.014265249172185968e+00
7.007036715210712252e+00
6.960922843031031704e+00
6.924654738398564824e+00
6.862201925390484014e+00
6.723546947531340301e+00
6.645093512635852129e+00
6.571561824463627133e+00
6.492780776903262385e+00
6.423532292209876537e+00
6.444741908807198882e+00
6.459167027907018799e+00
6.492448750442456173e+00
6.541712447200461966e+00
6.188603147402090165e+00
6.040480603365343981e+00
5.472497825120941961e+00
5.307977790949066410e+00
5.357909001837757756e+00
5.426168827215474444e+00
4.941733432686468142e+00
4.767559420218291599e+00
4.818300977829419018e+00
4.892601806616430515e+00
4.765770906860971046e+00
4.707390207527034853e+00
4.670069289264043633e+00
4.579558098869088489e+00
4.636350608720842814e+00
4.702022016524492365e+00
4.763101377507476641e+00
4.996042772079285932e+00
5.179765042572726408e+00
5.353919192667404126e+00
5.517677689202458602e+00
5.630740984535564486e+00
5.835220473758655046e+00
6.010627544635113395e+00
6.069392732372810961e+00
6.102416196265591175e+00
6.216200116957352861e+00
6.131879739484692671e+00
6.131397054277728742e+00
6.053371255527046024e+00
6.082835255492625492e+00
6.030135326010536367e+00
6.149352936438197581e+00
6.350205097658633058e+00
6.584516042164714200e+00
6.830941969407618330e+00
6.608082596969813594e+00
6.379025497654998489e+00
6.038153210728665066e+00
5.778533591119104251e+00
5.651636030284917567e+00
5.418439650151605669e+00
5.065724212946202343e+00
4.710918975699788902e+00
4.372446298980369406e+00
4.232621327967465596e+00
3.996370148154534618e+00
3.566893550058699791e+00
3.578433379827332672e+00
3.489667162233946129e+00
3.656131665776011896e+00
3.695664478175008760e+00
3.517212234260414849e+00
3.453640773712602030e+00
3.408991424563015737e+00
3.264000386192272618e+00
3.136053223564862602e+00
3.195065103184176358e+00
3.192511014664474178e+00
3.149629055746762329e+00
3.099997547574344647e+00
3.080107411508163917e+00
3.011383146195994787e+00
2.981466283625858527e+00
2.925148522422850395e+00
2.880247353363448504e+00
2.822643651600811321e+00
2.772176579256886431e+00
2.718743374112442712e+00
2.765975460603154801e+00
2.834320643126038597e+00
2.955936983439543031e+00
2.959262446461351725e+00
2.973721851284124806e+00
3.003716339433531335e+00
3.086051896974087771e+00
3.188235613969049087e+00
3.274818728315918914e+00
3.332824462491365658e+00
3.369656400313792322e+00
3.342590113943417762e+00
3.286540910838402052e+00
3.244750413477802908e+00
3.204773530857917496e+00
3.175956700203578897e+00
3.173372369133703241e+00
3.185150889677001107e+00
3.257498250169931442e+00
3.351159513956460057e+00
3.560032896067296893e+00
3.953707881316788519e+00
4.191507369368075331e+00
4.124541187349529459e+00
3.962188625740434844e+00
3.766164424583744008e+00
3.528114367149873143e+00
3.330075538154670500e+00
3.153310857274462364e+00
2.986217993404464810e+00
2.814908946234582210e+00
2.645130195339734591e+00
2.488918216263803274e+00
2.511566043771154000e+00
2.421984152325790340e+00
2.448816737673966237e+00
2.424110082480735784e+00
2.393303247190889049e+00
2.387918305892376747e+00
2.366714592472019874e+00
2.523496880642396967e+00
2.716086307173328329e+00
2.827448044290794993e+00
2.889739445197686774e+00
2.959191327103884994e+00
2.978321727824570608e+00
2.979455385653096755e+00
2.976366970581492577e+00
2.977850692362862706e+00
2.982211998580461376e+00
2.979085402659876980e+00
2.976923995746103113e+00
2.978405210199360997e+00
3.001423204620076834e+00
3.001900797139857691e+00
3.002827194929671428e+00
2.995205869688602363e+00
3.033514475286251511e+00
3.050766767090224096e+00
3.078143594679052519e+00
3.206641387044812053e+00
3.380167544930624768e+00
3.461199859944805279e+00
3.404418442769678421e+00
3.350083563650135154e+00
3.348641896489295000e+00
3.347914745458490327e+00
3.292815461885628014e+00
3.241476151785826154e+00
3.350830610704588874e+00
3.429864617472652366e+00
3.412916282429913295e+00
3.447860821022038724e+00
3.489088563735794679e+00
3.479038970956124022e+00
3.463638200932469324e+00
3.444656405109859154e+00
3.421080871270579138e+00
3.395632077378194058e+00
3.375838180982658976e+00
3.404861561716969298e+00
3.497519473580875893e+00
3.565111872747477317e+00
3.742089743311695305e+00
3.880174233839346343e+00
3.952062854495665079e+00
4.036972804310673624e+00
4.120417373436730202e+00
4.111830275633547416e+00
4.029453042132096208e+00
3.922836560264105099e+00
3.813363801252240837e+00
3.748442872018772132e+00
3.834330509765272232e+00
3.760462153131456375e+00
3.783797681523519252e+00
3.778751637580114675e+00
3.764547435690105193e+00
3.780715610859305187e+00
3.777042904084573660e+00
4.031909809367610897e+00
4.224376900866981366e+00
4.347882724923258557e+00
4.105358063499805255e+00
4.036196998799085556e+00
4.076189607391195402e+00
4.475797276963862537e+00
4.834881251017216108e+00
5.049744959566407232e+00
5.162685009300234107e+00
5.316840418855711015e+00
5.246474840268986028e+00
5.346646819953182472e+00
5.338905692535313996e+00
5.390629861952005442e+00
5.417308345363399447e+00
5.424148426828129033e+00
5.413478288740646960e+00
5.432414659225480058e+00
5.445338746662581109e+00
5.451383129771897984e+00
5.461649062708937130e+00
5.454526038860898041e+00
5.454864225314141279e+00
5.471657879389134393e+00
5.468539830504818511e+00
5.415634970620608613e+00
5.378018448413806496e+00
5.350681724441805009e+00
5.309827296103946992e+00
5.214555463246109746e+00
5.074718164013903632e+00
4.948945146416319218e+00
4.591905601965351025e+00
4.642799261151616008e+00
4.808214601405601307e+00
4.975002138254393635e+00
5.066399047110603959e+00
5.143676663440805541e+00
5.163400146001730029e+00
5.189174618523331617e+00
5.236630016845869484e+00
5.296939840438967373e+00
5.355480326327770157e+00
5.394233137388385835e+00
5.440808584001008086e+00
5.437863981010254477e+00
5.445067034374321935e+00
5.427274140363459232e+00
5.434825867101674035e+00
5.434743810997055391e+00
5.388936947845055947e+00
5.381406464849979976e+00
5.282372746302708144e+00
5.101369850562072372e+00
4.988978847183999754e+00
4.949850742000607262e+00
4.804400980118735731e+00
4.683499428270517129e+00
4.720171318627183865e+00
4.660154778460559477e+00
4.536619516980832323e+00
4.457155543299799128e+00
4.298951940441491537e+00
4.155938689614668391e+00
4.065678860487721202e+00
3.927357919330512814e+00
3.804728680533814078e+00
3.723780079492300388e+00
3.693939439281289872e+00
3.633826777568902155e+00
3.580875177628211947e+00
3.549367447418661392e+00
3.512959975583294536e+00
3.541582501467832600e+00
3.475708751659310369e+00
3.404458222788985022e+00
3.351316950294197294e+00
3.334242236632311229e+00
3.311281857674920559e+00
3.277254949247688121e+00
3.264258123961795377e+00
3.385262013925987912e+00
3.403059748806972262e+00
3.287902381657527240e+00
3.177927070690761635e+00
2.995388961336873823e+00
2.892239074819280109e+00
2.801359048682651842e+00
2.793631620881694921e+00
2.690020788740961066e+00
2.772959750854286920e+00
2.884182844629703091e+00
3.169952380475002052e+00
3.149629055746762329e+00
3.099997547574344647e+00
3.080107411508142157e+00
3.011383146195994787e+00
2.981466283625858527e+00
2.925148522422850395e+00
2.880247353363448504e+00
2.822643651600811321e+00
2.772176579256886431e+00
2.718743374112442712e+00
2.765975460603154801e+00
2.834320643126038597e+00
2.955936983439543031e+00
2.959262446461351725e+00
2.973721851284124806e+00
2.978259693134308161e+00
3.033695036281605084e+00
3.102564835688465639e+00
3.105081871030371587e+00
3.108969234275860583e+00
3.112512055269622824e+00
3.122641902056856544e+00
3.167061792823495647e+00
3.188170275182400371e+00
3.207833920580430043e+00
3.234587168311251926e+00
3.260290572598887326e+00
3.306575468005007679e+00
3.379539563251721113e+00
3.439952773828085508e+00
3.478448720721861509e+00
3.547167582343794479e+00
3.590007612171928209e+00
3.633311217413360605e+00
3.696549400411185182e+00
3.735670136358324012e+00
4.035808169048054062e+00
4.207895543231995994e+00
4.431357142136153726e+00
4.596168139293133059e+00
4.784671570169690469e+00
4.893094038734377982e+00
5.024799652852751208e+00
5.009057278231033195e+00
4.997822065688866999e+00
5.015605522596009891e+00
5.009359241943118768e+00
4.973315195997725091e+00
5.023180970814306257e+00
5.113699249691609161e+00
5.181398945896447117e+00
5.199550013201366561e+00
5.086112217404627600e+00
4.938899223758725476e+00
4.847813340489319778e+00
4.708260234755900164e+00
4.619553476899922906e+00
4.587910417121341844e+00
4.585602210556801062e+00
4.564592677515066477e+00
4.596764164807757957e+00
4.738493392114932590e+00
4.812057691332595866e+00
4.975348496937439080e+00
4.850744618451047430e+00
4.710642666214655883e+00
4.558697120706657557e+00
4.421952171842127299e+00
4.298470637903572644e+00
4.180786097628370612e+00
4.049713901816061501e+00
3.882299370547992901e+00
3.733734745966797774e+00
3.693939439281289872e+00
3.648307911923181823e+00
3.619752751830062287e+00
3.590273531317329070e+00
3.580875177628211947e+00
3.549367447418661392e+00
3.475708751659310369e+00
3.404458222788985022e+00
3.351316950294197294e+00
3.334242236632311229e+00
3.311281857674920559e+00
3.277254949247688121e+00
3.264258123961795377e+00
3.322237778237949080e+00
3.270262802435205174e+00
3.244980816782683686e+00
3.206301420893452825e+00
3.175433964579845725e+00
3.208393898957692780e+00
3.222577436176981003e+00
3.225756015681318534e+00
3.224211194074379616e+00
3.220022698518357984e+00
3.237994145508958255e+00
3.155985311962756334e+00
3.190755799472581256e+00
3.203823152653751283e+00
3.204506502482471930e+00
3.342932199015039352e+00
3.731663109905960063e+00
3.948139143786600691e+00
3.857157819497679441e+00
3.738757254553257692e+00
3.765803328937844974e+00
3.834544478535036660e+00
3.926105305606771179e+00
4.058164265541924998e+00
4.114451903855740333e+00
4.285337781494060749e+00
4.591903377275953879e+00
4.759504188306146411e+00
4.990718169927311543e+00
5.009057278231033195e+00
4.997822065688866999e+00
5.015605522596009891e+00
4.948945146416319218e+00
4.591905601965351025e+00
4.642799261151616008e+00
4.808214601405601307e+00
4.973972569534796051e+00
4.847813340489319778e+00
4.708260234755900164e+00
4.619553476899922906e+00
4.587910417121341844e+00
4.585602210556801062e+00
4.564592677515066477e+00
4.596764164807757957e+00
4.738493392114932590e+00
4.812057691332595866e+00
5.049454960242698576e+00
5.106881649411562307e+00
5.069608860052143839e+00
5.070539845564439041e+00
5.053327947388617680e+00
4.776436345445803866e+00
4.589334950349191367e+00
4.560547983639983372e+00
4.654109583046593279e+00
4.693150952260011444e+00
4.592212493897430470e+00
4.494704012227696666e+00
4.372576909698682179e+00
4.261253086245339716e+00
4.103941897291409013e+00
3.894770348959504247e+00
3.725651264621911096e+00
3.623980037485209138e+00
3.595990135324539594e+00
3.605363248995383962e+00
3.569624106022539323e+00
3.540286042013051748e+00
3.546994621593871244e+00
3.633834891805314715e+00
3.691141370526472176e+00
3.761782447194462531e+00
3.912668615623574375e+00
4.003530673944578844e+00
3.735221766595311799e+00
3.473109594684627321e+00
3.330439860585197476e+00
3.316080597452509604e+00
3.339576837968937451e+00
3.330870021299949801e+00
3.280622780591217591e+00
3.293734794126806698e+00
3.287902381657527240e+00
3.177927070690761635e+00
3.034075291827264209e+00
2.956105306552168965e+00
2.866224793313993491e+00
2.793631620881694921e+00
2.690020788740961066e+00
2.772959750854286920e+00
3.811387053662226965e+00
3.736564005204732197e+00
3.606534111805264509e+00
3.564504521881988186e+00
3.440499437668669280e+00
3.296334460198862004e+00
3.153310857274462364e+00
2.986217993404464810e+00
2.814908946234582210e+00
2.645130195339734591e+00
2.488918216263803274e+00
2.511566043771154000e+00
2.421984152325790340e+00
2.448816737673966237e+00
2.424110082480735784e+00
2.393303247190889049e+00
2.387918305892376747e+00
2.366714592472019874e+00
2.523496880642396967e+00
2.716086307173328329e+00
2.751962111754081342e+00
2.740940416047904282e+00
2.750009049707597075e+00
2.858244856669775125e+00
2.944410089261462637e+00
2.976366970581492577e+00
2.976965960434156511e+00
2.955766738711113728e+00
2.941027751259522205e+00
2.967661532055234197e+00
2.963541229496728935e+00
2.955063243597396472e+00
2.951864090967732945e+00
2.954113406840650491e+00
2.961122187930866012e+00
3.004563640137855707e+00
3.025562794276575040e+00
3.044534304450639883e+00
3.078728767854175263e+00
3.134634114639266222e+00
3.293015504108659730e+00
3.379539563251721113e+00
3.439952773828085508e+00
3.478448720721861509e+00
3.541264321176688323e+00
3.576262741792634259e+00
3.603604343691289902e+00
3.652254227632449890e+00
3.702009887582175640e+00
3.753603585454436509e+00
4.063031393934664948e+00
4.223135776526611096e+00
4.431357142136153726e+00
4.470030263022998440e+00
4.526680953608884117e+00
4.588843777860215134e+00
4.682952816296451104e+00
4.714963383475615721e+00
4.794467391499267706e+00
4.904116136953869720e+00
5.026458251492244678e+00
5.117466891635221948e+00
5.193218115930438472e+00
5.219221732503073419e+00
5.034708131325768221e+00
4.884258441636375458e+00
4.862073210204272300e+00
4.923305262558987039e+00
4.948284364078004316e+00
4.962831830976477399e+00
4.978807926929651906e+00
5.008512418021568102e+00
5.120385444834464117e+00
5.265674094400126570e+00
5.482317840902819484e+00
5.677867600959608296e+00
5.854263271959232462e+00
5.886708962574480175e+00
5.921254303722146339e+00
5.948552728430565928e+00
5.971826914105410999e+00
6.009249908611235647e+00
6.043883654977694420e+00
5.982425883539875144e+00
5.920304531516853430e+00
5.889682521769750601e+00
5.833558438975128269e+00
5.789937237805528270e+00
5.653265653178564776e+00
5.691436356816366171e+00
5.739679256244496486e+00
5.739338776231336148e+00
5.736455791322638831e+00
5.709916525717262381e+00
5.724261826775753015e+00
5.708743208735674202e+00
5.669316168792578381e+00
5.704148610123196406e+00
5.753093245186903459e+00
5.805888792559273703e+00
5.742485840773627892e+00
5.820205580802186418e+00
5.912442612077192017e+00
5.985236498406910854e+00
6.102090248838502262e+00
6.206725720049463213e+00
6.347089000144432447e+00
6.586296183567280416e+00
6.742366007670949735e+00
6.648387208704234830e+00
6.685519004140225263e+00
6.539174423398390168e+00
6.273502160169528885e+00
5.782387629636923876e+00
5.309497766967539611e+00
4.984164780164804576e+00
4.835911164163755771e+00
4.757797507144773341e+00
4.736407466621129103e+00
4.778194032567212091e+00
4.885334446128819508e+00
4.953053097432528418e+00
5.053574200399288507e+00
5.114768504853006270e+00
5.251442579668710309e+00
5.558538153198075982e+00
5.774145016626001770e+00
6.029423682199895218e+00
6.252026137298900110e+00
6.657914726945838524e+00
7.072721878394474082e+00
7.530292811361760208e+00
7.927607127968308909e+00
8.246655655323692713e+00
8.210645034391166774e+00
8.136292016096387414e+00
8.014213867815316306e+00
7.949541674819952775e+00
8.211336538063044088e+00
8.605584309101077523e+00
9.080658815316244414e+00
8.884626493984956852e+00
8.627718680493616787e+00
8.294934378265605091e+00
7.625193532662991380e+00
7.279045047310612304e+00
7.331398043520594321e+00
7.495328815951713963e+00
7.638784650681562205e+00
7.797963767595997631e+00
7.965063296230866285e+00
8.178587645342172863e+00
7.835870387004820969e+00
7.577023590920087592e+00
7.311697730720677413e+00
7.237907162576005859e+00
7.325528266380017861e+00
7.352928794097820742e+00
7.855540843272939000e+00
8.398462169269560462e+00
8.169974216935965927e+00
7.984637635629399099e+00
7.686247392696337499e+00
7.272861467596147378e+00
7.018723959059731676e+00
6.959700113731134508e+00
6.893251160357875662e+00
7.006880482322690007e+00
6.687157342946431271e+00
6.529069463215494196e+00
6.491758951098309360e+00
6.489328235619248098e+00
6.530007829606759628e+00
6.554069694504701893e+00
6.578703964948954486e+00
6.697597532086899896e+00
6.768644438047402900e+00
6.793434422053675092e+00
6.855702052770992871e+00
6.831873824315643162e+00
6.876582010467792827e+00
6.933383064080986813e+00
7.043431546585612324e+00
7.143355834173717334e+00
7.306769926239345736e+00
7.584668361088331423e+00
7.960629248830920268e+00
8.357334161583979792e+00
8.741269611375349413e+00
9.050537565199668677e+00
9.344959268336085145e+00
9.285617323624206776e+00
9.078889618114434512e+00
8.983173145975136720e+00
8.417979860033796058e+00
7.511447366479660381e+00
7.169767988979709905e+00
7.005280793480221924e+00
6.930812594184882158e+00
6.873628715197255268e+00
6.941345756374111886e+00
7.004722361577409018e+00
7.049178076407843996e+00
7.109478571153458937e+00
6.964404302506766342e+00
6.649427766372427051e+00
6.276051916310771972e+00
6.011459142654143051e+00
5.792137440236378332e+00
5.737386156004593118e+00
5.698173933599359309e+00
5.647854477847094046e+00
5.632185344320702391e+00
5.618269051938397318e+00
5.606321815362927730e+00
5.587911410800158407e+00
5.586313064045019594e+00
5.570790860729947447e+00
5.586153206034990326e+00
5.595765289450397972e+00
5.558898930850380893e+00
5.556792983396805496e+00
5.524580978857413172e+00
5.409773318564578659e+00
5.354428832106817637e+00
5.318959463033772650e+00
5.315550423454515006e+00
5.317225972561352876e+00
5.319630306716815582e+00
5.378460006550282557e+00
5.399067988940217333e+00
5.384884619990908838e+00
5.384313376712340116e+00
5.287095178784788629e+00
5.191613492544470354e+00
5.210444851251017973e+00
5.328740141249934226e+00
5.459058882481985009e+00
5.636785487544808682e+00
5.866025977556064142e+00
6.125088888932124220e+00
6.348316530271985059e+00
6.502160789609630065e+00
6.689666070009308463e+00
6.691043613967915249e+00
6.746196595958061870e+00
6.845180862519478104e+00
6.895692215569344086e+00
7.006862001274556384e+00
7.076564341448287720e+00
6.990364528961276136e+00
6.891645803983339924e+00
6.989986770786626558e+00
6.878513327247302023e+00
6.854254175791700376e+00
6.936305370214448374e+00
7.117790520161909384e+00
7.262624392021036712e+00
7.331299584246065315e+00
7.273304289447756865e+00
7.307326708539863880e+00
7.546184627660024624e+00
7.807861798373824769e+00
8.034784457548735048e+00
8.120072491275895032e+00
8.296801818109726057e+00
8.439434412514991379e+00
8.440016596627101464e+00
8.449808170912454841e+00
8.447472261346105071e+00
8.463963285406126857e+00
8.483142943449733409e+00
8.511314254276133084e+00
8.625496824048280331e+00
8.749277460429384590e+00
8.960346568754163243e+00
9.137484399099509602e+00
9.302254548151504210e+00
9.510041277853654051e+00
9.372287075031755066e+00
9.226964498580265683e+00
9.065530665579506930e+00
8.567134101019210135e+00
8.251405554244128027e+00
7.968545727777990528e+00
7.948229470363012084e+00
7.924008419493380195e+00
7.890188891032456020e+00
7.727842350677378569e+00
7.684789759916675678e+00
7.695548433773663710e+00
7.703258322970938821e+00
7.713902473950967398e+00
7.640451495829044148e+00
7.596336599269225331e+00
7.584414205074393678e+00
7.545312915685951083e+00
7.588250827053803604e+00
7.628642827587569286e+00
7.668801231655744566e+00
7.689570159352896006e+00
7.741541837859353237e+00
7.795875031208877814e+00
7.875823339943721635e+00
7.922058462212896224e+00
7.921491139917841373e+00
7.938902681120457494e+00
7.908012824280865161e+00
7.909906416856818723e+00
7.903267351864094792e+00
7.883047249616684127e+00
7.844250635363111179e+00
7.835563126946537338e+00
7.814746133496659475e+00
7.804702944279789278e+00
7.790670757991527751e+00
7.779950304926212645e+00
7.774998372331884511e+00
7.649600991543330508e+00
7.526991691618155400e+00
7.399525308979388427e+00
7.265449872159198463e+00
7.279345908104666307e+00
7.320322630832207800e+00
7.385322819993120902e+00
7.428913383935940473e+00
7.503912625132575620e+00
7.668990824222023051e+00
7.899115325842860358e+00
8.329849173795347284e+00
8.767163129189745163e+00
9.010101826972615413e+00
9.233912744879550161e+00
9.421954804296575503e+00
9.603065035520959469e+00
9.901469066428568055e+00
1.031542420782367309e+01
1.060696364726148566e+01
9.805896194117851294e+00
9.256655975626776112e+00
9.189209076896320383e+00
8.873765385409692286e+00
8.835669598890451226e+00
8.943268537255093520e+00
9.117886141811149869e+00
9.164497939235246804e+00
9.135392053917671618e+00
9.265121969333545593e+00
9.514415652626414754e+00
9.573608346547628045e+00
9.628533070302994545e+00
9.647399606699591956e+00
9.658818386616221829e+00
9.441122184219157276e+00
