4.19216356621652
4.15171995001773
4.10151156794749
4.1575201836826
4.24107062124149
4.30706412279785
4.4006616571713
4.54184472784578
4.6670667831444
4.65868717664173
4.67006928914808
4.57955809874833
4.63635060859704
4.70202201640125
4.76310137737772
4.99604277195049
5.17976504244657
5.35391919254154
5.51767768907661
5.63074098441214
5.835220473637
6.01600300769422
6.1456274391926
6.22759557340397
6.36826975842707
6.4966586630092
6.70061501916895
6.92300996528962
7.14740211113348
7.45629431017058
7.94403428249689
8.56277168173855
8.97715120418459
8.99510199570807
9.14343849362787
8.82681318128593
9.49989285824568
9.80139250852355
9.41279394473968
9.04202629984995
8.67011426918086
8.3330565349936
7.99303826082583
6.99750154207898
6.63957586833671
6.82977338765541
7.36702436689875
7.62906498872201
7.64112744786816
7.12645433551136
7.01945944227436
6.8036179989576
6.72092643315331
6.71590055879087
6.77039855021263
6.77816426243504
6.73581786539087
6.32089626040175
6.02850483086751
6.05515621899428
6.04930067761405
6.0486362634209
6.10239135510327
6.13228817588212
6.0669532455861
6.07822931694454
6.09201030110675
6.1635406616747
6.20669953569948
6.21892386653152
6.24881467289471
6.28892043536037
6.33831711083537
6.39350146970581
6.406358745813
6.41401910960818
6.19487524969268
6.19763179112361
6.18264323401487
6.12479950505286
6.12521227803851
6.08928674947777
6.02728288180218
5.95565361816374
5.9231735510314
5.89876436864561
5.7823876295749
5.30949776690058
4.98416478009396
4.8359111640914
4.75779750707182
4.7364074665471
4.77819403249262
4.88533444605475
4.9530530973589
5.05357420032695
5.11476850478038
5.25144257959617
5.5585381531286
5.77414501655609
6.02942368212919
6.23968512858931
6.4750733179044
6.84441780633099
7.30296824006208
7.78358207662673
8.18458599599714
8.58350201461562
8.78114521117682
9.08656672147711
9.43858503803544
9.85315984976026
10.0357925860517
10.2241753914803
10.0716932385023
9.88195684917528
9.5572560221632
8.95506750978437
8.40434482747492
7.73654498259422
7.30073920926461
6.91690580714701
6.91813086627412
6.85344038036711
6.1951519690328
5.70516976834519
5.17022559047773
4.80383404169486
4.58755648887073
4.44091208725696
4.29301498399228
4.21813101867094
4.14398938954642
4.04717947467645
3.90902361984845
3.91788612297248
3.80673777534748
3.76487330657977
3.68417507351771
3.59767717237773
3.51616790013538
3.47078839816713
3.39214763745492
3.35025961842181
3.34018373516978
3.33345486008467
3.32223777813156
3.27026280232615
3.24498081667468
3.20630142078275
3.17543396447208
3.20839389884821
3.2225774360664
3.22575601557163
3.22421119396362
3.22002269840566
3.23799414539746
3.15598531184736
3.19075579935829
3.20382315254007
3.20450650236742
3.34293219890479
3.73166310980691
4.07019865358195
4.39770723147752
4.85620929337812
5.02340019873441
5.43510941370761
5.61844472533081
5.6400348118913
5.66355759234406
5.66833207691159
5.64252337764623
5.5676333085623
5.51795691370096
5.44588968428496
5.41222256249718
5.39253058578272
5.37001385703477
5.34819472618138
5.34736946091103
5.36246380140073
5.38925423460863
5.43086279929347
5.46987285474522
5.52645343418773
5.58193530307066
5.68153492012419
5.75331811211627
5.82225561757037
5.88670896257215
5.92125430372004
5.9485527284287
5.97182691410318
6.00924990860818
5.98586537268232
5.86227959125021
5.74067003944395
5.71333297932768
5.68554838800502
5.64785447769464
5.63214026447084
5.61826905178283
5.6063218152076
5.58791141064432
5.58631306389139
5.57079086057655
5.58615320588271
5.59576528929965
5.55889893069826
5.55679298324502
5.52458097870581
5.4097733184079
5.35442883194949
5.31895946287494
5.31555042329519
5.31722597240221
4.8131019070086
4.22849251650753
4.19216356621652
4.15171995001773
4.10151156794749
4.1575201836826
4.24107062124149
4.30706412279785
4.4006616571713
4.54184472794748
4.82849455346328
5.10537985277416
5.44754086270621
5.73039356391484
6.04444221139729
6.46424319754166
7.11080651315656
7.75319627077208
7.69737803971919
7.5768303080311
7.3858711013441
7.25133047011596
6.83094196914496
6.32279045236141
5.80035039948609
5.6225487577496
5.2619597494413
4.91405605141256
4.68806752025781
4.51561067588718
4.28489868099008
4.0684010979773
3.87834585674361
3.66953626917273
3.55061129141653
3.39876692070316
3.25768804149482
3.11765105755836
3.01017833700262
2.93522188267139
2.80927950966161
2.7188042136465
2.65888383629668
2.57698660796285
2.57892070337673
2.58652546865326
2.58339464946433
2.6486613140072
2.74801023160159
2.74593951524895
2.75671322473528
2.7725879125525
2.78193816092727
2.86836828529524
2.92917434492826
3.00477869192059
3.13709164159659
3.30742353943548
3.35008356342015
3.37190571904435
3.34791474524241
3.26897372641484
3.24147615157696
3.38919132606511
3.42986461728555
3.41291628224641
3.44786082084366
3.48908856356227
3.4790389707844
3.4161406417343
3.37488690047313
3.33176789298366
3.36572242022828
3.33630063532142
3.41651173960624
3.48478670236153
3.58922499320722
3.74208974316802
3.88709341267223
3.95839431521206
4.03697280418386
4.12041737331464
4.21294677329248
4.21325377314073
4.2098789499608
4.21835255272639
4.19360888554103
4.17822128971833
4.17593058534391
4.1818243869075
4.18376394523401
4.22398453236293
4.2442874195222
4.26330491119611
4.33185872932149
4.37586907626527
4.40386602378421
4.42954242013647
4.45957544672274
4.50677549655726
4.50690974236268
4.50474457687374
4.49978664709089
4.53212871934002
4.55402978563808
4.56893563930294
4.58734297091821
4.60412193550144
4.6000126974915
4.60495255473113
4.60942964948921
4.62984660605748
4.66802094911302
4.70354859362835
4.79446739142158
4.86917913884092
4.94956416466356
5.07005282557583
5.14044877217782
5.21576144342932
5.21922173250327
5.03470813132603
4.88425844163688
4.86207321020477
4.9432411435551
4.94828436407908
4.97880792684414
5.00626429441794
5.12038544474933
5.23513161905181
5.48231784081937
5.67786760087701
5.88678999547414
6.05277676225973
6.25885019016351
6.43552296216278
6.6385427137266
6.87010944836303
7.0526349369562
7.23202505340477
7.3728962439958
7.46616616714867
7.54093719383073
7.60351115043662
7.6639375918528
7.7054568298917
7.76858365166633
7.84076021126044
7.92190835497461
8.01940360366764
8.03302789687812
6.82192195413911
6.09776578868508
6.11116122613351
6.01393984733456
5.67364364793143
5.40532485279913
5.38326246506691
5.32174902134678
5.32857356738786
5.34087939452606
5.33238010194982
5.33698849171997
5.44283662014541
5.55185557744546
5.65779521460426
5.73258713008562
5.84464597928611
5.88104474106521
5.96111933025035
6.01062754417468
6.06939273191067
6.10241619579562
6.21620011647826
6.1318797389951
6.13139705378434
6.05337125502077
6.08283525498403
6.03013532548839
6.14935293592539
6.3502050971619
6.58451604169187
6.89956556167042
7.08605847300635
7.24978799757114
7.41931424094768
7.61797515582741
7.61310525970266
7.67169113897976
7.6456615876443
7.32648673683455
6.55245556592678
6.03202128660852
5.51987074495455
5.43149954939551
5.30540481388664
5.1733931805322
5.160368914709
5.16676767771797
4.96995408477568
4.80188296106566
4.77073900642062
4.75894116145885
4.63421143781049
4.62934334406224
4.6171261374935
4.55829153697798
4.530077273927
4.50610082683796
4.48644925293767
4.48678167586937
4.56776403710752
4.84043018009226
4.99638495641527
5.16335193167937
5.26000681807788
5.38435686650206
5.43077347713673
5.47290860925596
5.57755662929871
5.48480471020459
5.14357601991082
4.79145773346973
4.62426750504193
4.92608237781303
5.04651584948824
5.08384884279455
4.95379580524122
5.88693376577544
5.61944155342987
5.11412014181969
4.79296166770428
4.54041562590292
4.28940741773264
4.05484805621852
3.95094887439092
3.83190599140838
3.68268433919717
3.47756040960629
3.28835908582054
3.14255110772549
3.06129544495143
3.11646555114211
3.44049943759566
3.29633446013306
3.20254146944644
3.13783002688345
3.23083839697307
3.07739240372776
2.96767726449658
2.89715860870063
2.83822471420778
2.78947084595373
2.82973303257562
2.80920661658341
2.78357718577368
2.81128294898127
2.79957492740933
2.77308780961547
2.75196211172141
2.74094041601559
2.75000904967601
2.8582448566392
2.93522188267139
2.80927950966161
2.7188042136465
2.65888383629668
2.57698660796285
2.57892070337673
2.58652546865326
2.58339464946433
2.6486613140072
2.74801023160159
2.74593951524895
2.75671322473528
2.7725879125525
2.78193816092727
2.86836828529524
2.92917434492826
3.00477869192059
3.13709164159659
3.30742353943548
3.36464713473253
3.45365284050087
3.56814722526347
3.67731454623439
3.76926619734539
3.81565141708142
3.90605338369767
4.02834848441599
4.14704939248388
4.16921578440968
4.17786620147823
4.2989489450559
4.41004634142723
4.44047260965161
4.47003026302387
4.52668095360975
4.5888437778611
4.68420291164355
4.78960063003785
4.87345755979366
5.0138420134356
5.20399543053804
5.34689122702902
5.48952943395302
5.53024413280177
5.41342742074905
5.37246819337769
5.24219315533596
5.17286500641009
5.08356315582119
5.19951357140956
5.35277549861214
5.57185175836505
5.78202361940294
6.00281197324646
6.19254041137769
6.21495551824168
6.26787424851362
6.316405334705
6.71299154429035
6.98732938667141
7.26637600046215
7.60836635412391
7.71339595080026
7.45015951487335
7.26959015957713
7.20016333791138
7.14374553697419
7.07480909572145
7.04626930105472
7.03732640254721
7.01426524898318
7.00703671502079
6.96092284283848
6.9246547382047
6.86220192519373
6.72354694733005
6.64509351243202
6.57156182425703
6.49278077669322
6.42353229199779
6.44474190859467
6.45916702769231
6.49244875022787
6.55585677236031
6.39746063159858
6.24233797105803
5.4724978250585
5.30797779083918
5.35790900174915
5.42616882712811
4.94173343258845
4.76755942011472
4.818300977725
4.89260180651243
4.76577090675181
4.70739020741479
4.67006928916095
4.57955809874833
4.63635060859704
4.70202201640125
4.76310137737772
4.99604277195049
5.17976504244657
5.35391919254154
5.51767768907661
5.63074098441214
5.835220473637
6.01062754417468
6.06939273191067
6.10241619579562
6.21620011647826
6.1318797389951
6.13139705378434
6.05337125502077
6.08283525498403
6.03013532548839
6.14935293592539
6.3502050971619
6.58451604169187
6.83094196914496
6.60808259672192
6.37902549741493
6.03815321049985
5.77853359089872
5.6516360300679
5.4118485568215
5.07997690662733
4.7311590863266
4.37558036881809
4.23262132797525
4.09563606078462
3.71733726744992
3.57565482935567
3.55822052056713
3.46762496122822
3.60218128728329
3.63317080430151
3.4552244191657
3.38222468355027
3.35271979914933
3.33915695974514
3.22661608000156
3.19251101462616
3.14962905575212
3.09999754758293
3.08010741151354
3.01138314620123
2.98146628363477
2.925148522434
2.88024735337603
2.82264365161375
2.7721765792694
2.71874337412788
2.76597546061344
2.83432064313886
2.95593698345108
2.95926244646996
2.97372185129304
3.00371633944549
3.08605189698262
3.18823561398036
3.27481872832419
3.3328244625014
3.36965640032454
3.38774793633002
3.40320813667793
3.36697435097038
3.3179026904073
3.28771645556387
3.25276660396666
3.21927481050046
3.20936470971453
3.31981107001027
3.60770724579675
3.95370788132158
4.06608979258127
4.03484823093991
3.96218862574308
3.76616442458789
3.52811436715305
3.33007553815779
3.15331085727686
2.9862179934062
2.81490894623643
2.64513019534083
2.48891821626552
2.51156604377315
2.42198415232657
2.44881673767473
2.42411008248129
2.39330324719136
2.38791830589311
2.3667145924734
2.5234968806433
2.71608630717423
2.82744804429132
2.88973944519935
2.95919132710514
2.97832172782086
2.97945538565439
2.9763669705829
2.97785069236493
2.98221199858186
2.97908540266202
2.97692399574825
2.97840521020022
3.00142320462043
3.0019007971415
3.00282719493124
2.99520586969001
3.03351447528888
3.05076676709271
3.07814359468171
3.2066413870475
3.38016754493316
3.46119985970857
3.40441844253637
3.35008356342015
3.37190571904435
3.34791474524241
3.29281546167315
3.24147615157696
3.38919132606511
3.42986461728555
3.41291628224641
3.44786082084366
3.48908856356227
3.4790389707844
3.46363820076176
3.44465640493953
3.42108087110079
3.39563207720993
3.37583818081471
3.41651173960624
3.49862840393547
3.58922499320722
3.74208974316802
3.88709341267223
3.95839431521206
4.03697280418386
4.12041737331464
4.13990265051664
4.05745485711408
3.95084552344595
3.83944664870733
3.7718046707189
3.71867547052031
3.82227112933131
3.77799801295543
3.77165483016631
3.76363454128303
3.79498633596163
3.78674499975446
3.79685088135584
4.05808426173318
4.2418798277547
4.39363902134209
4.11951891856837
4.06130436584677
4.21467284344148
4.54694049852596
4.8790856831732
4.90795077030599
5.01707783022754
5.19289865539853
5.27357397618413
5.33890569253525
5.39062986195203
5.41730834536303
5.42414842682809
5.4134782887409
5.4324146592255
5.44533874666264
5.45138312977207
5.46164906270905
5.45452603886068
5.45486422531408
5.47165787938946
5.46853983050492
5.41563497062077
5.37801844841398
5.35068172444176
5.30982729610425
5.21455546324622
5.07471816401419
4.94894514641652
4.59190560196555
4.6427992611518
4.80821460140576
4.97500213825449
5.06639904711067
5.14367666344074
5.16340014600172
5.18917461852329
5.23663001684545
5.29693984043881
5.3554803263277
5.39423313738758
5.44080858400079
5.43786398100988
5.44506703437406
5.42727414036325
5.43482586710169
5.43474381099714
5.38893694784489
5.38140646485028
5.3263244921716
5.17414974072315
5.00534446918581
4.89791732597202
4.80440098011876
4.68349942827055
4.72017131862724
4.69698294236804
4.55649799237497
4.45715554330032
4.39677890932488
4.2335636794833
4.11759878524303
3.98863247930759
3.83084993100282
3.72378007949397
3.69393943928042
3.64830791192211
3.58855419681334
3.59027353131664
3.6295862012609
3.51504834047765
3.46962057650306
3.40445822278834
3.35131695029352
3.3342422366318
3.31128185767454
3.27725494924722
3.26425812396142
3.38526201392573
3.40305974880753
3.28790238165802
3.17792707069126
3.03407529182778
2.91477853673628
2.79875331517233
2.71948897895889
2.69002078874156
2.75553626274835
2.88418284462986
3.06366691593302
3.14962905575212
3.09999754758293
3.08010741151354
3.01138314620123
2.98146628363477
2.925148522434
2.88024735337603
2.82264365161375
2.7721765792694
2.71874337412788
2.76597546061344
2.83432064313886
2.95593698345108
2.95926244646996
2.97372185129304
2.97825969313486
3.03369503628198
3.10256483568891
3.1050818710316
3.10896923427712
3.11251205527086
3.12264190205734
3.16706179282385
3.18817027518285
3.20783392058077
3.2345871683116
3.26029057259938
3.3065754680054
3.37953956325213
3.43995277382845
3.47844872072225
3.54716758234428
3.59000761217234
3.6333112174138
3.69654940041169
3.73567013635888
4.03580816904859
4.20789554323246
4.43135714213739
4.59616813929356
4.78467157017008
4.95385901915689
5.024799652854
5.00905727823233
4.99782206569018
5.01560552259727
5.00935924194455
4.97331519599895
5.02318097081554
5.11369924969275
5.18139894589732
5.19955001320246
5.08611221740572
4.97397256953707
4.80032447477079
4.70826023475812
4.6195534769021
4.58791041712377
4.58560221055915
4.56459267751731
4.59676416480974
4.73849339211695
4.8120576913345
4.97534849694
4.85127820466473
4.71064266621336
4.55869712070539
4.4219521718408
4.29847063790222
4.18078609762723
4.0497139018149
3.88229937054665
3.73373474596545
3.69393943928042
3.64830791192211
3.61975275182923
3.58855419681334
3.59943019981524
3.6048734964536
3.47570875165863
3.40445822278834
3.35131695029352
3.3342422366318
3.31128185767454
3.27725494924722
3.26425812396142
3.32223777813156
3.27026280232615
3.24498081667468
3.20630142078275
3.17543396447208
3.20839389884821
3.2225774360664
3.22575601557163
3.22421119396362
3.22002269840566
3.23799414539746
3.15598531184736
3.19075579935829
3.20382315254007
3.20450650236742
3.34293219890479
3.73166310980691
4.07019865358195
3.95104974039067
3.8237465342895
3.6781298691983
3.73002599371178
3.79178129003963
3.88605260104393
4.04388879720699
4.11424014743546
4.30415903249223
4.59189642705591
4.76514586091355
5.00167474812243
4.99782206569018
5.01560552259727
4.94894514641652
4.59190560196555
4.6427992611518
4.80821460140576
4.97397256953707
4.8478133404915
4.70826023475812
4.6195534769021
4.58791041712377
4.58560221055915
4.56459267751731
4.59676416480974
4.73849339211695
4.8120576913345
5.04945496024451
5.10688164941375
5.06960886005443
5.07053984556672
5.05332794739093
5.00113503574166
4.75364614983515
4.58070908204523
4.57444941889521
4.68626720693733
4.59221249389889
4.4947040122299
4.37257690970075
4.2612530862474
4.10394189729351
3.89477034896152
3.72565126462389
3.62398003748721
3.59599013532659
3.60536324899736
3.56962410602459
3.54028604201517
3.54699462159592
3.63383489180729
3.69114137052825
3.7617824471962
3.91266861562521
4.11585485747026
3.92386509200547
3.67141370197385
3.40143830343504
3.26872153325908
3.27547188486384
3.33809647367682
3.35533688465671
3.2948149192476
3.27372578609498
3.17792707069126
3.03407529182778
2.95610530655263
2.86622479331446
2.79363162088236
2.69002078874156
2.77295975085473
3.81138705366249
3.89723247112202
3.76403759757946
3.6023543084436
3.44049943759566
3.29633446013306
3.15331085727686
2.9862179934062
2.81490894623643
2.64513019534083
2.48891821626552
2.51156604377315
2.42198415232657
2.44881673767473
2.42411008248129
2.39330324719136
2.38791830589311
2.3667145924734
2.5234968806433
2.71608630717423
2.75196211172141
2.74094041601559
2.75000904967601
2.8582448566392
2.94441008923251
2.9763669705829
2.97696596040598
2.95576673868268
2.94102775123102
2.96766153202712
2.96354122946898
2.95506324356944
2.95186409094001
2.9541134068129
2.96112218790319
3.00456364011059
3.02556279424951
3.04453430442362
3.0787287678273
3.13463411461247
3.29301550408299
3.37953956325213
3.43995277382845
3.47844872072225
3.541264321178
3.57626274179396
3.60360434369258
3.65225422763377
3.70200988758356
3.75360358545586
4.06303139393599
4.22313577652791
4.43135714213739
4.47003026302387
4.52668095360975
4.5888437778611
4.68295281622249
4.7149633833997
4.79446739142158
4.90411613687573
5.02645825141519
5.11746689155832
5.19321811585286
5.21922173250327
5.03470813132603
4.88425844163688
4.86207321020477
4.92330526247407
4.94828436407908
4.96283183089187
4.97880792684414
5.00851241793593
5.12038544474933
5.26567409431464
5.48231784081937
5.67786760087701
5.85426327195697
5.88670896257215
5.92125430372004
5.9485527284287
5.97182691410318
6.00924990860818
6.06010750186053
6.08774299901178
5.98509471745541
5.88968252176836
5.9228225109488
5.9383327423139
5.80150234595482
5.67694404298564
5.73371985525654
5.8442923279453
5.90960501309401
5.9231735510314
5.89876436864561
5.86632823570891
5.83616883195943
5.7944259912186
5.71946917275482
5.70565831320072
5.64652063361751
5.68378169799973
5.67222795711612
5.68853558642392
5.76143346818441
5.83948845598198
5.93944517967268
6.19411935086038
6.47474933534008
6.88620957093292
6.81638031871757
6.68639371784031
6.06772240697381
5.5316087918902
5.00715117931231
4.92776475239977
4.80705811549488
4.75779750707182
4.7364074665471
4.77819403249262
4.88533444605475
4.9530530973589
5.05357420032695
5.11476850478038
5.25144257959617
5.5585381531286
5.77414501655609
6.02942368212919
6.25202613722527
6.65791472686866
7.07272187831362
7.53029281127785
7.91316759487486
8.04486845583912
8.25322503726875
8.26961175682097
8.16916989908049
8.01571780663656
8.00467898489694
8.23039333482204
8.69877764731736
8.88462649391684
8.62771868042211
8.29493437819011
7.62519353257795
7.27904504721879
7.33139804342876
7.49532881586035
7.6387846505902
7.79796376750466
7.96506329613637
8.17858764524461
8.15836809398759
7.83663507877963
7.60991003415185
7.30999191070287
7.23166621394353
7.31798262909047
7.36422259404828
7.79427714321692
8.16997421681228
8.00148808401647
7.67260973759726
7.5868954848436
7.21871934025973
6.9489266909525
6.83486277205501
6.95891958527699
6.68715734294805
6.52906946321695
6.49175895109971
6.48932823562097
6.53000782960833
6.55406969450637
6.57870396495045
6.69759753208804
6.76864443804873
6.79343442205481
6.8557020527722
6.86177048233498
6.8491325688987
6.93338306408227
7.04343154658701
7.14335583417501
7.30676992624095
7.58466836108999
7.96062924883282
8.35733416158577
8.23795612011
8.19948616458201
8.26280637153335
8.30734805955435
8.34438816433947
8.38037988034114
8.42185103698008
7.99750470528619
7.12645433551136
7.00528079348796
6.8036179989576
6.72092643315331
6.71590055879087
6.77039855021263
6.77816426243504
6.8402970184305
6.87391682824732
6.649427766235
6.27605191616588
6.01145914250274
5.79213744008058
5.73738615584858
5.69817393344243
5.64785447769464
5.63218534416569
5.61826905178283
5.6063218152076
5.58791141064432
5.58631306389139
5.57079086057655
5.58615320588271
5.59576528929965
5.55889893069826
5.55679298324502
5.52458097870581
5.4097733184079
5.35442883194949
5.31895946287494
5.31555042329519
5.31722597240221
5.31963030655715
5.37846000639217
5.39906798878203
5.38488461983221
5.38431337655442
5.34806625472823
5.32366708061236
5.23827241074607
5.3055198186508
5.45905888230857
5.63678548737377
5.86602597739103
6.26089154179918
6.22218232337565
6.46779208183894
6.64553953028508
6.89379720446149
7.31461857082398
7.26955845611703
7.06504276328388
6.97336644183958
6.88847748996166
6.99036452896432
7.00544183870483
6.98908249038162
7.14092712267086
7.33147630742113
7.25401427332467
7.15808836517799
7.14223417215708
7.13676057133538
7.27330428945091
7.36061338044281
7.39724999119192
7.63783635364609
7.78774852217495
7.86891271415251
8.003723921894
8.10436574648369
8.18800516399139
8.3267480342127
8.45313119616232
8.55545565099864
8.66021769997826
8.55799846900937
8.49945771231143
8.3668060510827
8.23795612011
8.19948616458201
8.26280637153335
8.30734805955435
8.34438816433947
8.38037988034114
8.47878409324533
8.56057454170847
8.25140555414693
7.96854572767565
7.94822947026026
7.92400841939067
7.8901888909303
7.7278423505724
7.68478975981015
7.69554843366777
7.70325832286481
7.71390247384441
7.64045149572048
7.59633659916001
7.58441420496545
7.54531291557558
7.58825082694212
7.62864282747488
7.66880123154242
7.68957015923957
7.74154183774509
7.7958750310948
7.87582333982884
7.92205846209754
7.92149113983774
7.85505931953565
7.90801282416359
7.90990641673886
7.9032673517463
7.8830472495374
7.84425063528391
7.83556312686683
7.8147461334182
7.80470294420097
7.79067075791401
7.77995030484801
7.77499837225398
7.64960099146562
7.52699169153847
7.39952530889908
7.26544987207683
7.27934590801979
7.3203226307481
7.38532281990766
7.42891338384918
7.50391262504493
7.6689908241354
7.89911532575452
8.32984917370336
8.7886407427172
9.19274465449969
9.55514585421474
9.63578397411362
9.64528244397134
9.80992400334143
10.1803112615066
10.6166904632749
9.80589619391006
9.25665597539164
9.22001552120019
8.87376538515376
8.8356695986468
8.94326853702586
9.11788614159791
9.16449793903656
9.13539205372618
9.26512196916899
9.51441565248834
9.57360834642292
9.62853307019221
9.64739960659832
9.71397896347768
9.60836788330279
