3.756790082597701197e+00
3.767986056884692125e+00
3.634174503674040047e+00
3.625149108194699821e+00
3.678331539426081154e+00
3.716027431065767050e+00
3.734609152726395820e+00
3.788313700377362370e+00
3.828152211781090219e+00
3.845094276554207546e+00
3.943517068013444593e+00
3.988940196032921381e+00
4.045589596276166766e+00
4.032419653715527907e+00
4.013391969198973008e+00
3.973228121202788010e+00
3.935509362262899380e+00
3.963218108909870363e+00
3.972206269098056186e+00
3.963792304551716494e+00
3.951762997220980900e+00
3.941732623582758333e+00
3.997769422566838315e+00
4.054959682591698034e+00
4.110710916007134230e+00
4.124166749882737015e+00
4.091752413103960428e+00
4.027912947227359375e+00
3.988439482571663586e+00
3.988679410155623994e+00
3.979590705649227012e+00
4.014091343856238225e+00
4.076497539597910169e+00
4.154559730167060927e+00
4.238356955025732731e+00
4.328323987159051534e+00
3.953629724911865040e+00
4.160747184800080767e+00
3.724646567767893046e+00
3.473394467563177379e+00
3.334683198977921315e+00
3.228978165821342561e+00
3.101711937097202831e+00
3.096631002984350900e+00
3.060040580803396359e+00
2.953152723618980957e+00
2.958379493924749859e+00
2.991069192030504809e+00
3.007672121094146167e+00
3.022749722148983853e+00
2.917341200719989036e+00
2.787298693423745810e+00
2.776676458435514583e+00
2.788575370291313860e+00
2.787499746472294149e+00
2.825311374802014441e+00
2.797229422737376847e+00
2.800091368207109355e+00
2.759156685765953743e+00
2.732923543082425244e+00
2.686177348281410637e+00
2.711452878048927317e+00
2.690943481242840107e+00
2.798385836678887184e+00
2.905854143097795550e+00
2.900790054244270166e+00
2.928456915371830949e+00
2.992310103974545665e+00
2.996240877686823012e+00
2.989701561603469671e+00
3.060022432947051119e+00
3.173237372177392768e+00
3.346174927644901320e+00
3.456030574993240734e+00
3.339985353107226551e+00
3.252530209883165657e+00
3.188968878433119158e+00
3.193361009551333840e+00
3.281809921989005119e+00
3.377726739455555016e+00
3.445626724907166150e+00
3.467504283455161040e+00
3.568571676993695263e+00
3.682201093104792822e+00
3.818609030775108604e+00
3.797997476364654457e+00
3.723097400973194748e+00
3.485506772463686787e+00
3.334683198977921315e+00
3.228978165821342561e+00
3.101711937097202831e+00
3.096631002984350900e+00
3.060040580803396359e+00
2.953152723618980957e+00
2.958379493924749859e+00
2.991069192030504809e+00
3.007672121094146167e+00
3.022749722148983853e+00
2.917341200719989036e+00
2.787298693423745810e+00
2.776676458435514583e+00
2.788575370291313860e+00
2.787499746472294149e+00
2.825311374802014441e+00
2.816509026848501573e+00
2.816281848806067689e+00
2.759156685765953743e+00
2.732923543082425244e+00
2.686177348281410637e+00
2.711452878048927317e+00
2.690943481242840107e+00
2.798385836678887184e+00
2.905854143097795550e+00
2.894043315805183703e+00
2.799387354756354807e+00
2.830253767250776598e+00
2.797229422737376847e+00
2.800091368207109355e+00
2.888709145810966383e+00
3.049290172939520538e+00
3.261016753559012660e+00
3.282585822101722783e+00
3.206639725938870367e+00
3.103974054032015317e+00
3.045679281543040684e+00
3.062366009015792478e+00
3.027429778777990688e+00
3.015182614008740547e+00
2.824668665607556584e+00
2.666700826504059485e+00
2.720035272532440818e+00
2.764720053761612562e+00
2.843766238610193398e+00
2.839237601382934351e+00
2.784699311521412035e+00
2.739850551477589047e+00
2.695692423063404064e+00
2.713083091700785321e+00
2.735847470370665668e+00
2.764060539795696769e+00
2.781017338036284592e+00
2.777712241942886795e+00
2.774323116624485497e+00
2.796383848406589046e+00
2.800079707328495537e+00
2.796904211052543499e+00
2.753443052794918522e+00
2.785636446203240357e+00
2.767540797635430039e+00
2.676265881533173463e+00
2.675238424285942607e+00
2.698064139228992797e+00
2.715303279216749299e+00
2.701446320416418967e+00
2.714737212887916584e+00
2.709706267164095905e+00
2.725678475753535945e+00
2.672059714496918925e+00
2.669348544341056950e+00
2.636258547711908484e+00
2.651922002445733728e+00
2.691328954996429434e+00
2.729204508103440840e+00
2.757467775212526284e+00
2.778816402011667908e+00
2.817729017845875372e+00
2.847599246883055990e+00
2.880233218401759832e+00
2.930328493987044425e+00
2.871327408306303841e+00
2.855992743842286963e+00
2.873002382098715390e+00
2.975994341872102211e+00
3.084611835232476729e+00
3.152426835488331136e+00
3.193538724732284173e+00
3.208440595274672180e+00
3.155414860294069257e+00
3.164328714471264181e+00
3.141189392096242816e+00
3.156759067169769839e+00
3.080833320276027187e+00
3.157947605727711604e+00
3.187376098292510562e+00
3.300215766311470844e+00
3.406089659694232719e+00
3.476674541215717174e+00
3.560095472273456796e+00
3.520710590437983178e+00
3.445763577112284093e+00
3.437605668901751343e+00
3.570630321438269750e+00
3.620938098342448175e+00
3.657352532192850170e+00
3.612425280477515876e+00
3.567229184654462593e+00
3.541616494068514864e+00
3.535462610970540709e+00
3.537523506460421352e+00
3.548717377033679732e+00
3.535615471954491440e+00
3.504594310945813085e+00
3.462227294791909493e+00
3.523125265144571472e+00
3.576747005491741405e+00
3.581770716774215657e+00
3.579865084550173826e+00
3.570047621585503261e+00
3.533049656293020035e+00
3.595549324846290418e+00
3.617008918488407776e+00
3.656835798737673837e+00
3.652038003943883115e+00
3.623643146200901111e+00
3.626442239762838859e+00
3.656454614914974144e+00
3.725074705910123019e+00
3.673587676011992542e+00
3.598252336404231588e+00
3.500362753306526020e+00
3.383500179958109033e+00
3.275962769509416450e+00
3.233507817758833447e+00
3.245157917447480944e+00
3.234594440853816089e+00
3.177005877253267663e+00
3.204179484379101162e+00
3.318524538559575188e+00
3.303228937757913819e+00
3.282585822101722783e+00
3.206639725938870367e+00
3.103974054032015317e+00
3.045679281543040684e+00
3.062366009015792478e+00
3.027429778777990688e+00
3.015182614008740547e+00
2.824668665607556584e+00
2.666700826504059485e+00
2.720035272532440818e+00
2.748989788066117157e+00
2.725678475753535945e+00
2.710564599908672268e+00
2.669348544341056950e+00
2.636258547711908484e+00
2.651922002445733728e+00
2.699742078491527142e+00
2.729204508103440840e+00
2.757467775212526284e+00
2.778816402011667908e+00
2.777712241942886795e+00
2.774323116624485497e+00
2.796383848406589046e+00
2.800079707328495537e+00
2.796904211052543499e+00
2.753443052794918522e+00
2.785636446203240357e+00
2.767540797635430039e+00
2.738606819263480041e+00
2.761665625551211978e+00
2.800761295187546018e+00
2.822832530652271910e+00
2.791032625196922190e+00
2.805419985148688511e+00
2.827836340460160969e+00
2.847166641572665746e+00
2.796935498236441830e+00
2.762539361286290074e+00
2.728879144607995855e+00
2.712514852336836757e+00
2.676265881533173463e+00
2.675238424285942607e+00
2.698064139228992797e+00
2.715303279216749299e+00
2.701446320416418967e+00
2.714737212887916584e+00
2.709706267164095905e+00
2.736292619458843056e+00
2.672059714496918925e+00
2.691189742640133442e+00
2.759519428457143597e+00
2.769198417166759185e+00
2.764193610396914025e+00
2.821237842803438145e+00
2.868900567563616999e+00
2.932191296757329368e+00
2.983863565985257704e+00
2.961536800400570435e+00
2.961147416322939652e+00
3.003645146971003044e+00
2.871327408306303841e+00
2.855992743842286963e+00
2.873002382098715390e+00
2.976986332555616066e+00
3.084611835232476729e+00
3.194269456645312921e+00
3.261339628577264893e+00
3.233812648011931579e+00
3.155414860294069257e+00
3.164328714471264181e+00
3.298006275843233581e+00
3.242864668103507153e+00
3.266377175846263192e+00
3.321587488524682108e+00
3.293596288023002749e+00
3.335169363856673730e+00
3.410321527425975496e+00
3.476674541215717174e+00
3.708157241537593851e+00
3.686960462317756093e+00
3.634125450590357964e+00
3.673570953215947732e+00
3.769850687186661276e+00
3.802602195351872272e+00
3.709463967771033488e+00
3.612425280477515876e+00
3.567229184654462593e+00
3.541616494068514864e+00
3.571256615870630924e+00
3.690036331289865856e+00
3.720330244561142141e+00
3.682614543894940695e+00
3.641749801948407583e+00
3.728169301323559282e+00
3.758575932840719336e+00
3.785163298970595225e+00
3.781870112828628283e+00
3.807507211686243398e+00
3.781254926035801045e+00
3.740510887896615344e+00
3.765495449947374507e+00
3.792220948223403276e+00
3.893595754390026364e+00
3.885592901793055720e+00
3.961106901092124488e+00
4.136327022950095689e+00
4.276672336802140428e+00
4.419853632149262523e+00
4.343868212733255518e+00
4.266401558930510873e+00
4.255272219004509360e+00
4.095898453858908717e+00
4.099009387353881984e+00
4.061772994967380868e+00
4.093209149650754775e+00
4.172140068432550031e+00
4.220607299823586622e+00
4.527424703595467115e+00
4.854158472679445779e+00
4.933140662227582851e+00
5.392847168025847182e+00
5.652711284810540526e+00
5.891286074245250859e+00
5.625577087060318782e+00
5.766948440013390353e+00
5.679167752514975298e+00
5.340536074654429477e+00
5.098941377942816544e+00
5.093939549830846403e+00
5.122045524382197179e+00
5.198387253112663586e+00
5.533468727240277829e+00
5.643569734150330142e+00
5.788606164663021580e+00
5.889391245915977180e+00
6.240573607451881166e+00
6.689652528817459753e+00
6.862182235532507057e+00
6.774487878875291358e+00
6.613686386606099532e+00
6.568010226596113554e+00
6.697133314714551311e+00
6.681831737814717620e+00
6.757212939313819611e+00
6.729100686423125310e+00
6.655885806127992410e+00
6.600994121212520938e+00
6.482044539734354238e+00
6.286875415110244170e+00
6.096190701417006252e+00
5.898667360232461299e+00
5.733872509687434338e+00
5.650360943629356925e+00
5.643590326469633212e+00
5.728178849316537757e+00
5.808002910599478597e+00
5.801966580252976513e+00
5.704407379105274956e+00
5.722002266586398100e+00
5.677669329196231907e+00
5.638340327901745219e+00
5.680105767945804018e+00
5.630677094017538131e+00
5.588270076230200445e+00
5.466621815889697977e+00
5.491368344258901857e+00
5.522204776811026505e+00
5.615401741346895292e+00
5.674388860198091855e+00
5.588031599497900181e+00
5.550282717128230736e+00
5.554014301987451496e+00
5.459426276650665599e+00
5.442798282342305782e+00
5.357044351771474311e+00
5.282885147776813284e+00
5.250889163811908844e+00
5.363585914430007762e+00
5.553860156220216560e+00
5.778359416059463349e+00
5.553936078911050345e+00
5.353698270913195500e+00
5.234389232930077185e+00
4.557644365679138332e+00
4.858116480353520394e+00
4.764747669495007720e+00
4.717708290005336202e+00
4.588727670359523891e+00
4.454155194464636480e+00
4.481550004037406332e+00
4.603256834226854721e+00
4.782008618949982193e+00
4.534643956479995630e+00
4.412902894276968802e+00
4.191486252039483773e+00
4.043837225030693538e+00
4.031386776436540309e+00
4.056844824542339190e+00
4.069798441581009563e+00
4.095594827319660070e+00
4.174752251465791097e+00
4.359917481033458664e+00
4.400716859760342992e+00
4.500380856439185173e+00
4.453483851300014784e+00
4.367622510662430457e+00
4.224157208227857119e+00
4.108489014475654066e+00
4.121545494901916129e+00
4.085033555094069513e+00
4.049750932259540193e+00
3.884610836316311655e+00
3.896546280332963352e+00
3.929746462662353501e+00
3.943369579745208409e+00
3.711409139829511705e+00
3.627363160486719806e+00
3.495314824629531358e+00
3.459584952931625601e+00
3.467212452300212799e+00
3.503959894634671279e+00
3.483344020331796909e+00
3.536973225735889237e+00
3.562028446522940150e+00
3.561857335216658260e+00
3.472267545404240874e+00
3.492542103360854799e+00
3.515193555465689457e+00
3.513181514574351016e+00
3.490315141859744674e+00
3.522579391879329336e+00
3.602799277355432483e+00
3.661851113863739293e+00
3.692499115976636936e+00
3.697383495298887102e+00
3.623418271084156039e+00
3.431693094302902924e+00
3.373998012858987927e+00
3.403428326979648588e+00
3.413326343678295238e+00
