3.75679008259663
3.76798605688281
3.63417450367227
3.625149108193
3.67833153942418
3.71602743106392
3.73460915272444
3.78831370037544
3.82815221177897
3.84509427655229
3.94351706801148
3.98894019603094
4.04558959627397
4.03241965371355
4.01339196919689
3.97322812120086
3.9355093622609
3.96321810890772
3.97220626909582
3.96379230454962
3.9517629972187
3.94173262358064
3.99776942256494
4.0549596825894
4.11071091600507
4.12416674988053
4.09175241310187
4.02791294722518
3.98843948256973
3.98867941015369
3.97959070564721
4.01409134385414
4.07649753959609
4.15455973016506
4.23835695502374
4.32832398715694
4.26170071971731
3.92437593902208
3.72464656776556
3.4733944675606
3.33468319897657
3.22897816582013
3.10171193709489
3.09663100298205
3.06004058080118
2.95315272361643
2.95837949392257
2.99106919202825
3.00767212109171
3.02274972214716
2.9173412007178
2.78729869342169
2.7766764584334
2.78857537028943
2.78749974646984
2.82531137479997
2.81650902684595
2.81628184880364
2.75915668576322
2.7329235430798
2.68617734827871
2.71145287804584
2.6909434812403
2.79838583667635
2.90585414309552
2.90079005424181
2.92845691536921
2.99231010397184
2.996240877684
2.98970156160086
3.06002243294445
3.17323737217509
3.34617492764254
3.45603057499076
3.33998535310445
3.25253020988065
3.18896887843027
3.19336100954828
3.28180992198615
3.37772673945298
3.44562672490444
3.46750428345342
3.56857167699183
3.68220109310311
3.81860903077336
3.79799747636284
3.72309740097128
3.48550677246288
3.33468319897657
3.22897816582013
3.10171193709489
3.09663100298205
3.06004058080118
2.95315272361643
2.95837949392257
2.99106919202825
3.00767212109171
3.02274972214716
2.9173412007178
2.78729869342169
2.7766764584334
2.78857537029056
2.78749974646984
2.82531137479997
2.81650902684595
2.81628184880364
2.75915668576322
2.7329235430798
2.68617734827871
2.71145287804584
2.6909434812403
2.79838583667635
2.90585414309552
2.90079005424181
2.92845691536921
2.99231010397184
2.996240877684
2.98970156160086
3.06002243294445
3.17323737217509
3.30322893775859
3.28258582210255
3.20663972593938
3.10397405403228
3.04567928154331
3.06236600901603
3.0274297787787
3.0151826140087
2.82466866560781
2.66670082650371
2.72003527253198
2.76472005376114
2.84376623860841
2.83923760138182
2.7846993115193
2.73985055147548
2.69569242306205
2.71308309169932
2.73584747036979
2.76406053979396
2.78101733803409
2.77771224194062
2.77432311662211
2.79638384840456
2.80007970732597
2.79690421105019
2.75344305279246
2.78563644620124
2.76754079763337
2.67626588153126
2.67523842428421
2.69806413922631
2.71530327921501
2.70144632041404
2.71473721288561
2.70970626716175
2.72567847575421
2.67205971449421
2.66934854434208
2.63625854771285
2.6519220024469
2.69132895499294
2.72920450810479
2.757467775213
2.77881640201211
2.81772901784573
2.84759924688312
2.88023321840156
2.93032849398718
2.87132740829816
2.8559927438334
2.87300238208931
2.97599434187231
3.08461183522335
3.15242683548606
3.19353872472904
3.2084405952709
3.15541486028389
3.16432871446158
3.14118939209261
3.15675906716666
3.0808333202725
3.15794760572416
3.18737609828769
3.30021576630686
3.40608965968962
3.4766745412014
3.56009547226938
3.52071059043441
3.44576357710811
3.4376056688974
3.57063032143395
3.62093809834318
3.6573525321856
3.61242528046595
3.56722918464376
3.54161649405682
3.53546261096973
3.53752350645938
3.54871737703279
3.5356154719538
3.50459431094485
3.46222729479097
3.52312526514403
3.57674700549096
3.58177071677377
3.57986508454984
3.57004762158512
3.53304965629272
3.59554932484615
3.61700891848772
3.6568357987379
3.65203800394371
3.62364314620085
3.6264422397622
3.65645461491447
3.72507470590954
3.67358767601124
3.59825233640401
3.50036275330634
3.38350017995799
3.2759627695099
3.23350781775921
3.24515791744782
3.2345944408548
3.17700587725395
3.20417948437995
3.31852453856013
3.30322893775859
3.28258582210255
3.20663972593938
3.10397405403228
3.04567928154331
3.06236600901603
3.0274297787787
3.0151826140087
2.82466866560781
2.66670082650371
2.72003527253198
2.74898978806775
2.72567847575421
2.71056459991021
2.66934854434208
2.63625854771285
2.6519220024469
2.69974207849236
2.72920450810479
2.757467775213
2.77881640201211
2.77771224194062
2.77432311662211
2.79638384840456
2.80007970732597
2.79690421105019
2.75344305279246
2.78563644620124
2.76754079763337
2.73860681926122
2.76166562554992
2.80076129518496
2.82283253064986
2.79103262519459
2.80541998514671
2.8278363404575
2.84716664157059
2.79693549823468
2.76253936128386
2.72887914460529
2.7125148523328
2.67626588153126
2.67523842428421
2.69806413922631
2.71530327921501
2.70144632041404
2.71473721288561
2.70970626716175
2.73629261945602
2.67205971449421
2.69118974263715
2.75951942845367
2.7691984171635
2.76419361039334
2.8212378427977
2.86890056755699
2.93219129675086
2.98386356597811
2.96153680039377
2.96114741631584
3.00364514696409
2.87132740829816
2.8559927438334
2.87300238208931
2.97698633254705
3.08461183522335
3.19426945663532
3.26133962856776
3.23381264800218
3.15541486028389
3.16432871446158
3.29800627583351
3.2428646680934
3.26637717583449
3.32158748851292
3.29359628800999
3.33516936384288
3.41032152741242
3.4766745412014
3.70815724152437
3.68696046230592
3.63412545057817
3.67357095320381
3.76985068717473
3.80260219534065
3.70946396775982
3.61242528046595
3.56722918464376
3.54161649405682
3.57125661585957
3.69003633128011
3.72033024455135
3.68261454388447
3.64174980193832
3.72816930131582
3.75857593283188
3.78516329896109
3.78187011281988
3.80750721167882
3.78125492602994
3.74051088789097
3.76549544994262
3.79222094821979
3.8935957543862
3.88559290178913
3.96110690108852
4.13632702294757
4.27667233679972
4.4198536321462
4.34386821273053
4.26640155892745
4.25527221900138
4.095898453856
4.0990093873526
4.06177299496382
4.09320914964938
4.17214006843112
4.22060729982233
4.52742470359459
4.85415847267896
5.27555008582331
4.9466123725956
5.65271128480985
5.89128607424414
5.95396744451423
5.69769875125414
5.67916775251469
5.34053607465325
5.09894137794244
5.0939395498288
5.12204552438057
5.19838725311155
5.53346872723921
5.64356973414949
5.78860616466248
5.88939124591534
6.24057360745137
6.68965252881708
6.86218223553264
6.77448787887505
6.61368638660546
6.56801022659519
6.69713331471372
6.68183173781377
6.75721293931407
6.72910068641941
6.65588580612596
6.60099412121045
6.48204453973173
6.28687541510757
6.09619070141364
5.89866736022822
5.73387250968462
5.65036094362646
5.64359032646464
5.72817884931103
5.80800291059503
5.80196658024787
5.70440737910021
5.72200226658172
5.67766932919053
5.63834032789708
5.68010576794121
5.63067709401271
5.59228126027141
5.5600455995459
5.60413321374195
5.70822296819461
5.84165676697439
5.8152636204039
5.69026541462157
5.61361203713786
5.61252264244614
5.44319122900757
5.34195141541883
5.14208844655581
4.94590830055677
4.75584463307021
4.73033503313098
4.73890799774537
4.78915216407108
4.80774935221587
4.713058986011
4.61517147581496
4.55764436568069
4.48433483015395
4.4756883478477
4.47627369216134
4.55631731765462
4.45415519446692
4.48155000403988
4.60325683422869
4.78200861895216
4.53464395648224
4.41290289427987
4.19148625204204
4.04383722503313
4.03138677643884
4.05684482454485
4.06979844158287
4.09559482732236
4.17475225146845
4.35991748104016
4.400716859768
4.50038085644642
4.45348385130861
4.36762251067098
4.22415720823568
4.10848901448321
4.12154549490985
4.08503355510188
4.0497509322668
3.88461083632424
3.89654628034128
3.92974646267059
3.94336957975461
3.71140913983819
3.62736316049142
3.49531482463921
3.45958495294015
3.46721245230838
3.50395989464437
3.48334402034185
3.53697322574625
3.56202844653233
3.56185733522618
3.4722675454151
3.49254210337146
3.51519355547644
3.513181514585
3.4903151418689
3.52257939188907
3.60279927736498
3.66185111387194
3.69249911598513
3.69738349530687
3.62341827109143
3.43169309430453
3.37399801286573
3.40342832698677
3.41332634368548
