2394
2395
2396
3698
2398
2399
2400
2401
4821
4822
4823
4824
4826
4826
4827
4142
3674
1082
1082
3674
1082
1202
4274
4274
4942
4943
4944
4945
4946
4947
4465
4466
4467
4468
4469
4470
4471
4472
4473
4474
4475
4476
4477
3266
4479
4480
2668
2669
2670
2671
2672
3171
3278
3173
3174
3175
3176
3177
3178
3179
3180
4223
4224
4225
4226
4800
4801
4802
4803
4804
4805
4806
4807
4808
4809
4810
4811
4812
4813
4814
4815
4816
4817
1074
1075
1076
1077
1078
1079
1080
1081
1082
1807
1082
1809
1810
1084
1085
1813
1087
1088
1089
1090
2378
2378
2378
3362
3362
3362
2382
2383
1898
2385
2386
2387
2388
2389
3700
3701
3702
3703
3704
3705
3706
3707
4176
4177
4178
4178
4180
2630
2631
2632
2633
2634
2635
2636
2637
2638
2639
2640
2641
2642
2643
2644
2645
2646
2647
2648
2649
2650
2651
2652
2611
2612
4076
4077
4078
2616
2617
2618
2619
2620
2621
2622
2623
2624
1605
1606
1607
1608
1609
1610
1611
1862
1862
1614
1615
1616
1617
2750
2751
2752
2753
2754
1370
1370
1370
2906
2906
2906
1335
1336
1337
1338
1339
1340
1341
1342
1343
1344
4193
4194
4195
4196
4197
4198
4199
4200
4201
4202
4203
4204
4205
4206
4207
4208
4209
4210
4211
4212
4213
4214
4215
4216
2151
2152
2153
2154
2155
2156
2157
2158
2159
2160
2161
935
936
937
938
939
940
941
942
943
944
945
946
947
948
949
4195
4196
4197
4198
4199
4200
4201
4202
4203
4204
4205
1353
1354
1355
1356
1357
1358
1359
1360
1361
1362
1363
1364
1358
1359
1360
1361
1362
1384
4210
4211
4212
4213
4214
1390
1391
1392
1393
1394
1395
1396
1397
1398
1399
2159
2160
2162
2162
2163
2164
2165
2166
2167
2168
2169
2170
2171
2172
2174
798
799
800
801
802
803
804
805
4900
4901
4902
4903
4904
4905
4906
4907
4908
4909
4910
4911
4226
4913
4914
4915
4916
4880
4881
4882
4883
4884
4885
1428
1429
1430
1431
1432
1433
1434
1435
1436
2100
2101
2102
2103
2104
2105
2106
2107
2108
2109
2110
2111
2112
710
2114
614
782
782
2326
2327
2328
2329
2330
2331
2332
2333
2334
2335
3268
3269
3270
3271
2339
3273
3274
3275
3276
950
950
470
470
998
998
4490
2924
2925
2926
2927
2928
2929
2930
2931
2930
2933
434
3158
589
590
590
592
593
594
595
596
1382
1382
4202
4202
259
260
261
262
263
264
264
265
266
267
268
269
270
272
272
273
278
275
276
218
3765
3766
3767
3768
3769
3770
3771
3772
3770
3770
398
398
1370
1370
1370
1370
4185
4186
4187
4188
4189
4190
4191
4192
4193
4194
4195
4196
254
255
256
257
258
259
260
261
957
958
959
960
961
962
963
964
965
966
967
968
3080
3081
3082
3083
3084
1450
1451
1452
1453
2018
1574
1574
1574
2234
2234
2234
2197
2198
2366
2200
2201
2202
2203
3116
3117
3118
3119
3120
3121
3122
3123
3125
3125
3126
3127
3128
2490
2491
2492
2493
2494
2495
2496
2497
2498
2499
2500
2502
2503
2504
2505
2506
2507
2508
2509
2510
2511
2512
2513
2514
4226
3230
2517
2518
2519
2474
3042
3043
3044
3045
3046
3047
3048
2330
2330
2330
1997
1998
1999
2000
2001
2002
2003
2004
2666
3062
3062
2669
2670
2671
2672
2673
2674
2675
2676
2677
2678
266
266
266
1372
1373
1374
1375
1376
1377
1378
1379
1382
1382
1382
1383
1384
1385
2347
2348
2349
2350
2351
2352
2353
2353
2354
2355
2356
2357
2358
2359
2360
2114
2115
2116
2117
2118
2119
2120
2121
2122
4162
4163
2124
2125
2126
2127
2128
2129
2130
2131
2132
2133
2134
2135
2136
2137
2138
2139
2140
2141
2142
2143
2144
2145
2146
2147
2148
2149
3282
3283
3284
3285
3286
3287
3288
3289
3290
3291
3292
3293
3294
3295
4231
4232
4233
4234
4235
4236
2961
2962
4239
1310
110
4242
1898
1898
2294
1312
1313
1314
3314
1316
1317
1318
1319
1320
1321
1322
1323
3518
3518
3028
3029
3030
3031
1286
4038
4039
4040
4041
3038
3039
3040
3041
4046
3043
3044
3045
3046
3047
3048
4053
1748
1749
1750
1751
1752
1753
1754
1755
3393
3394
3395
3396
3397
3398
3399
3400
3401
3402
3403
3404
3405
3798
3799
3800
3801
3802
3803
3804
3805
3806
3807
3808
3809
170
830
830
2630
3021
3022
3023
3024
3025
3026
3027
4058
4058
2642
2666
2666
2666
50
4898
4898
4899
4900
4901
4902
4903
4904
4905
4906
4907
233
234
235
236
237
238
239
241
242
243
244
244
246
246
248
249
250
2340
2341
2342
2343
2344
2345
2346
2347
2348
998
2184
2185
2186
1394
1394
1394
1394
1009
1010
1011
1012
1013
1014
1015
1016
1017
1018
1019
1020
1021
1022
1023
170
1994
1995
1996
1997
1998
4030
4031
4032
4033
4034
4035
4036
4037
4038
4039
4040
4041
4042
4043
4044
4045
710
710
2559
2560
2561
2562
2563
2564
2565
2566
2567
2568
2569
2330
3746
1432
1433
1434
1435
1436
1437
1438
1439
1440
1441
1442
1443
4734
4735
4736
4738
4739
4740
4741
4742
4743
4744
4745
4746
4747
4748
4749
4750
4751
2877
2878
3741
3742
3743
3744
3745
3746
3747
3748
3749
3750
3751
3752
3753
3754
3755
3756
3757
3758
3759
3760
3761
3762
1562
1562
3765
602
225
226
227
228
229
230
231
232
233
234
235
236
237
238
239
239
240
241
242
243
244
245
246
247
3270
3271
3272
3273
3274
254
254
254
472
473
1351
1352
1353
1354
1355
1356
1357
1669
1359
1360
1361
1362
1363
1364
1361
1362
1363
1364
1365
1366
1367
1368
1369
1370
1371
1372
1373
1374
1375
1338
1339
1340
1341
1342
1377
1378
1379
1380
1382
1382
1383
1384
1385
1386
1387
1388
1389
1390
1391
1392
1393
1394
1395
1396
1397
1398
1399
1400
1401
819
820
821
822
823
824
825
826
827
4886
2330
2330
2570
3458
4058
2570
866
3266
3266
1329
1330
3062
1332
2055
2056
2057
2058
2059
2060
2061
2062
2063
2064
2065
2066
2066
2068
2069
2070
2071
67
68
69
70
71
72
73
1298
1298
74
75
76
77
1206
1207
1208
1209
1210
1821
84
1826
1824
1825
1826
1827
1828
1829
1830
96
97
98
98
100
101
102
103
104
105
106
1835
1836
1837
1838
1839
1424
1425
2042
1427
1428
1429
1430
1431
1432
1433
4478
1435
1436
1437
1438
2342
1440
3141
3142
3143
3144
3145
4490
3147
3148
3149
3151
3152
3153
3154
3155
3156
3157
3158
3159
3160
3161
3162
3163
3164
3165
3167
3168
3169
3170
3170
4202
3173
3174
3175
2186
2678
3074
218
1362
1363
1364
1365
974
974
4214
4214
4214
4214
2794
2795
2796
2797
2798
2798
2798
2801
2802
2803
2804
2805
2806
2807
4003
4004
4005
4006
2282
2282
2282
4269
4270
4271
4272
4273
4274
4275
4276
4277
4278
4279
4280
98
98
98
1814
1815
1816
1817
1818
1819
1820
1821
1822
1823
1824
1072
2372
2373
2374
2375
2376
2377
2378
2379
2380
2381
2382
3368
2378
3370
3371
3372
3373
3374
4826
4827
4828
4829
2978
1093
1094
1095
1096
1097
1098
1099
686
686
1427
1428
1429
1430
1431
1432
1433
1434
1435
1436
1437
1438
1439
3467
3468
3469
3470
3471
3472
3473
3474
3475
3476
296
297
298
299
300
301
302
303
304
305
306
307
4502
1931
1932
1933
1934
1935
3720
3721
3722
3723
3724
3725
3726
4144
4145
4146
4147
4148
4149
4150
4151
4152
4634
4634
3686
3686
3686
3686
3303
3304
3305
3306
3307
3308
3308
3310
3311
3312
3313
3314
3314
3315
3317
3317
3318
3319
1106
4682
4682
4683
3266
3266
4686
4687
4688
2902
2903
2904
2905
986
2907
2908
2909
2910
1377
1378
1379
1380
1381
1382
1383
4202
260
261
262
263
264
265
266
267
268
269
270
271
266
266
266
266
266
266
267
268
269
270
2906
2905
2906
2907
2908
2909
1343
1344
1345
1346
1347
1348
2916
2917
2918
283
284
1002
1003
287
288
289
290
291
292
1010
1011
1010
1013
2191
2192
2193
2194
2195
2196
2197
2198
1581
1582
1583
1584
2247
2248
2249
2250
2251
2252
2253
2254
2255
2256
2257
1099
1100
1101
1102
1103
1104
1105
1106
1107
1108
1109
1110
1111
1112
1113
1114
1115
874
875
3470
3470
878
2186
1394
1394
1394
290
292
293
294
295
2162
2162
2162
2162
2162
2162
3453
3454
3455
3456
3457
3458
3459
3460
3461
3462
3463
3464
1111
3466
1113
1114
1115
1116
1117
3278
1674
1675
62
1677
1678
1679
1680
1681
1682
1683
1684
71
72
73
74
75
76
77
78
79
80
81
82
83
84
85
86
87
1829
1830
1831
1832
1833
1834
1087
1836
1837
1090
1214
1092
1093
1094
1095
1096
1097
1098
1099
1100
1701
1702
1703
1704
1705
1706
1707
1708
1709
1710
1711
1712
1713
1714
1715
2894
2894
2898
1334
1334
2901
2902
2903
2904
2906
2906
1382
1382
4694
4694
4694
3278
3279
3280
3281
2150
2150
1394
1394
4514
4514
2354
2018
4799
4800
4801
4802
2236
2237
2238
2239
2240
2241
1410
1411
1412
1413
1414
1415
1416
1418
1419
1420
1421
1422
1423
2258
1425
1426
1427
1428
1429
1430
1431
3747
3748
3749
3750
3751
3752
3753
3754
3755
3756
3757
3758
3759
3760
3761
3762
218
3764
3765
2783
2784
2785
2786
2787
3770
3770
3770
4493
4494
4495
4496
4497
4498
4499
4500
1370
1370
1370
1370
4191
4192
4193
4194
4195
4196
4197
4198
4199
4202
4202
4202
4203
263
264
266
266
267
268
269
270
271
272
273
960
961
962
963
964
965
966
967
290
4214
4214
4216
4217
4218
4219
4220
4221
1490
1491
3290
3290
4908
4910
4910
4911
4912
4913
4914
4915
4916
4917
626
626
626
1100
1101
1102
1103
1104
1105
1106
1107
1108
1109
1538
1539
1540
1541
1542
2500
2501
2502
2503
2504
4490
206
206
266
962
962
2511
2512
2065
2066
2067
2068
2069
2070
2071
2072
2073
2074
2075
4742
710
710
711
712
713
714
715
716
717
718
719
720
721
722
723
724
725
726
2425
2426
2427
2428
2429
2430
2431
2432
2433
2434
2231
2232
2233
2234
2235
2236
2237
2238
2239
2240
2241
2242
2243
2244
2245
1197
98
1199
3686
3686
3686
1203
1204
1205
82
83
86
86
86
87
88
1826
1826
91
92
89
90
91
92
93
94
95
96
97
98
99
100
1202
1201
1202
1203
1204
1082
1206
1207
1082
1083
1077
1078
1079
1080
1081
1082
1083
3650
1085
1086
1094
1094
2253
2254
2255
2256
2257
2258
2259
2260
2261
3926
4168
4169
4170
4171
4172
4173
4174
4175
4176
4177
4766
1610
53
54
55
56
57
58
59
60
61
62
63
64
65
66
67
68
69
70
71
4268
4269
4270
4271
4272
4273
4274
4275
4276
4277
4278
4279
4280
4281
4282
4283
4284
109
110
111
112
113
114
115
116
4166
4166
4166
3926
3926
2543
2546
2545
2546
2547
2548
2549
2550
2551
3440
3441
3442
3443
3444
3445
3446
3447
3448
3449
3450
3451
3452
758
758
1280
1281
1282
4034
3722
842
842
2272
2273
2274
2275
2276
2277
2278
2279
2280
2281
2282
2283
2284
4806
4807
4808
4809
4810
4811
4812
4813
4814
4815
4816
4817
4818
4819
4820
4821
4822
4823
4824
4825
4826
4827
4828
4829
4830
4831
4832
4833
4834
4835
4836
4837
4838
4839
4840
4841
1094
4466
4466
4467
4468
4469
4470
4471
4472
4473
4474
4475
3266
4478
4478
254
465
466
467
386
386
3278
3278
3278
3279
3280
3281
3282
3283
3284
3285
658
659
660
661
662
663
664
665
666
3631
3632
669
670
671
672
673
674
675
676
1094
1094
3506
3257
3257
3258
3259
3260
3261
3262
1106
4682
3265
3266
3267
3268
3269
3272
3273
3274
3275
3276
3277
3278
3279
3280
3281
3282
3283
2514
3285
3286
3287
3288
3289
3290
3291
3292
3293
3294
3295
3296
3297
3298
2841
2842
2843
2844
2845
2846
2847
2848
2849
2850
2851
2852
2853
2854
2855
2856
2857
2858
2859
2860
2861
2862
2863
2864
2865
358
359
360
361
362
614
615
616
617
618
619
620
621
622
623
624
626
627
628
629
630
631
632
633
634
635
636
637
638
639
640
641
3757
3758
3759
3760
3761
3762
3763
649
1387
1388
1389
1390
1391
1392
1393
1394
1394
231
232
233
296
297
298
299
300
301
302
302
304
243
244
245
246
247
248
249
250
2342
2341
2342
2343
2344
2345
2346
2347
2348
2349
2350
2351
2352
2353
2354
1401
1402
1403
1404
1405
1406
2024
2025
1409
1410
1584
1585
1586
1586
1588
1589
1590
1591
1592
1593
1594
1595
1596
1597
1598
2304
2305
2306
2307
2308
2309
2310
2426
2426
2426
2102
4070
4070
1766
1767
1768
1946
1574
1574
1575
1576
1577
1578
1579
1580
3346
3347
3348
3349
3350
3351
3352
98
98
1416
1835
1836
1837
1838
1839
1840
1841
1842
1843
1844
1845
4166
4616
4617
4618
4619
4620
4622
4622
4623
4624
4625
4626
4627
4628
4629
4630
4631
4632
4633
1948
1064
1065
1066
3638
3638
4237
674
4239
4240
4241
4242
4243
4244
4245
4246
4247
4298
4249
3926
3926
2415
2416
2417
2418
2419
2420
2421
2422
2423
2424
2425
4142
4145
4146
4147
4148
4149
4150
4151
4154
4877
4878
4879
4880
4881
4882
372
373
374
375
375
376
377
3266
3267
4476
4477
4478
4479
4480
798
2179
2180
3278
3278
3278
602
603
604
605
606
608
609
609
610
2193
2194
2195
2196
2197
4525
4526
4231
3876
3877
3878
3878
1070
1070
1210
1211
1212
1214
1214
1215
1216
1217
1218
1219
1220
1221
4285
4286
4287
4288
4289
2968
2969
2970
3696
3697
3698
3660
3661
3662
1082
1082
1831
1832
1833
1834
1835
1836
1837
1838
1838
1094
1094
2297
2298
2299
2300
2301
2302
2303
2304
2305
2306
2307
2308
2309
2310
2311
2312
2313
2314
2315
2316
2317
2318
2319
2319
1767
2321
2322
2323
2324
2325
2326
2327
2328
2329
2330
3602
3602
3207
3208
3209
3210
3211
3212
3213
3214
3215
3216
3217
3218
3219
3220
3221
3222
3223
3224
3225
3226
3227
3228
3229
3230
3231
3232
3233
3234
3235
554
3098
746
746
4466
3602
338
3259
3260
3261
3262
3263
3264
3265
3266
3131
3132
3133
3134
3271
3272
4482
4483
4484
254
254
470
4488
998
998
998
2061
2062
2063
2064
2065
2065
2066
2067
2069
2070
2071
2071
2072
2073
2074
2075
2076
2077
2078
2079
2080
2081
2841
2842
2843
2844
2845
2846
2847
2848
2849
2850
2851
2852
2853
2854
2855
2856
2857
2858
2859
2860
2861
2862
2863
2864
2865
2866
3040
3041
3042
3043
3044
3045
3046
3047
3048
3049
3050
3051
3052
3053
3054
3055
3056
3057
3058
3059
3060
3061
3062
3063
3064
3065
3066
2674
2675
4490
4490
4490
209
210
211
212
213
214
215
216
217
218
219
220
221
222
223
224
2150
3768
3769
3770
3771
3772
3773
3774
3536
155
156
157
158
818
160
161
162
163
164
165
166
167
168
169
633
634
635
636
637
638
134
135
136
137
138
139
140
141
142
143
144
145
146
147
148
149
150
151
152
4073
3153
3154
3155
3156
3157
3158
3159
3160
3161
3162
3163
3164
3165
3166
3167
3168
4483
4484
4485
4486
4487
4488
4489
4490
4491
4492
4493
4495
4496
4497
4498
4499
4500
4501
4502
4503
4504
4505
4506
4214
2918
2150
1394
1394
1394
2018
2018
2018
2018
2019
2020
2021
2022
2023
2024
2025
2026
2027
2028
2029
2030
2031
2032
2033
2034
2035
2036
4670
4670
4610
4610
3920
3921
3922
3923
3924
3925
3926
3927
3928
3929
3314
3314
4550
168
169
170
171
172
173
174
175
2894
982
983
984
985
986
1550
988
989
4190
4190
4190
2906
2906
2906
2898
2899
2900
2901
2902
2903
2904
2905
2906
2907
2908
2909
2910
2911
2912
2913
2914
2915
2915
2917
2918
2918
2919
2920
2921
2922
2923
3770
2925
2926
2927
2928
2929
2190
2191
2192
2193
2194
2195
2196
2197
2198
2199
1172
1173
2522
4262
2522
2837
2838
2839
2840
2841
4125
4126
4127
4128
4129
4130
4131
4132
4133
4134
4135
4136
4137
4138
4139
4621
4622
4623
4624
4625
4626
4627
4628
4629
4630
4152
4153
4154
4155
2530
2531
2085
2086
2087
2088
2089
2090
2091
2092
2093
2094
2095
2096
2097
2098
2099
2100
2101
2549
2550
2551
2552
2553
2554
4070
4071
4072
4073
4074
4075
4076
4077
892
893
894
895
896
897
898
899
3744
3745
3746
3747
3748
3749
3750
3751
3752
3753
3754
3755
1334
254
986
1646
2762
2762
2763
2764
2765
2766
1373
1374
1375
1376
1377
1378
1379
1380
1381
1382
1383
1384
1385
1386
278
278
1358
1358
266
266
1358
266
398
399
400
401
402
403
3779
3780
4502
4502
4502
4214
4214
3859
3860
3861
3862
3863
3864
3865
3290
3290
3868
3867
3868
1298
1298
4151
4152
1886
3635
3298
3299
3300
3302
3302
3303
3642
3643
3644
2387
2388
2389
2390
3649
3650
3651
3652
3653
3654
3655
3656
3657
3658
3659
3660
3661
3662
3894
3895
3896
3897
3898
3899
3900
94
95
96
97
98
99
100
101
102
103
104
105
106
107
108
109
110
111
112
113
680
681
682
683
684
685
686
3317
3318
3319
1994
691
3322
3323
3324
3326
696
697
698
699
2642
701
702
3578
3579
3580
705
706
707
2556
2557
2558
2559
2560
2561
2562
2563
2564
2565
2566
2567
2568
2569
2570
2571
2572
2573
2574
2575
2576
2577
2578
2579
2580
2581
2582
3758
3758
477
478
479
480
481
218
483
484
485
486
487
488
489
490
491
492
493
494
495
496
497
614
499
500
3998
2474
2438
2439
2440
506
4586
4586
4586
4586
4931
4932
4933
4934
4935
4936
4937
4938
4939
4274
1886
1586
1586
511
512
513
514
515
516
517
518
519
520
520
2488
2489
2490
2491
2492
2493
2494
2495
2496
1112
1113
386
1115
1116
1117
1118
1119
1120
1121
1122
1123
1124
1124
1125
1126
1127
1128
1129
1130
1131
1132
1133
1134
1135
1136
1137
1138
1139
1140
1140
1141
1142
1143
1144
1145
1146
1147
1148
57
2186
59
60
61
62
63
64
65
66
1406
68
69
2198
71
2078
3350
4154
4155
4156
4157
4158
4159
4946
4466
4466
4466
3511
3512
3513
3514
3515
3516
2449
2450
2451
2452
2453
2454
2455
2456
4896
4897
2505
806
2507
2508
2509
2510
2511
2512
2513
2514
2515
2516
2517
2518
2519
2520
2521
2522
2523
2524
2525
4267
4268
4269
4270
4271
4272
4273
3686
3686
3686
3686
2035
2036
1310
2038
2039
2041
2041
2042
2044
2045
2046
2047
2048
2333
2334
2335
2336
2337
2338
946
947
948
950
950
950
2059
2060
2061
2062
2063
2064
2065
2066
2067
2068
2069
2070
2071
2072
2073
2074
2075
2076
2077
2078
2079
2080
2958
2959
2960
2961
2962
2963
2964
1308
1309
1310
1311
1312
1313
1314
1315
1316
1317
1318
1319
1320
1321
1322
1323
1324
1325
4478
3026
3468
3469
3470
3471
3472
3473
650
1567
1568
2066
1570
1571
1572
1573
1574
1575
1576
1577
1578
1579
1580
2241
2242
2243
2244
2245
2246
2247
2248
3686
3686
1210
1211
1212
1213
1214
1215
1216
1217
1218
1219
1220
1221
1222
1223
1224
1225
1226
1227
2973
3705
3706
3707
3708
3709
3710
4430
686
686
4026
4027
4028
4029
1598
1598
722
723
724
725
726
727
728
729
730
731
732
733
734
735
736
737
3625
3626
3627
3628
3629
3630
3631
2366
2366
3634
3635
1586
3500
4946
3254
3503
3504
3505
3506
3507
3508
3509
2851
2852
2853
2854
2855
2856
2857
2858
2859
2860
2861
2862
1917
1918
1919
1920
1921
2650
2651
2652
2653
2654
2655
2656
2657
2658
2659
2660
2661
2662
2663
2664
2666
2666
2667
2668
2342
2342
386
386
950
1442
2011
2012
2013
2014
2015
1394
4219
4220
4221
4222
4223
4224
4225
4226
4227
4228
1406
1406
4231
4232
3347
3348
3349
3350
3351
3352
3353
2246
2246
1833
1834
1835
1836
1837
1838
1839
1840
1841
2042
2042
2042
3602
3603
1106
3206
3207
3208
3608
3609
3610
3611
3612
3613
3614
3615
3616
3617
2647
2648
2649
2650
2651
2652
2608
2609
2610
2611
2612
2613
2614
2615
2616
2617
4082
4034
4034
724
725
726
727
728
729
730
731
732
733
734
735
736
2654
2654
2750
938
938
458
458
2170
2171
2172
2173
2174
2342
2342
2342
698
3032
878
878
3035
3036
3037
2517
2518
2519
2520
2522
2522
2523
2524
2525
2526
2527
4459
4460
4460
4462
4463
4464
4465
4466
4466
4467
4468
3512
4470
4471
4472
4473
4474
4475
4476
4478
4478
4479
2342
2343
2344
2345
2346
4790
4790
4791
2018
2020
2021
2022
2023
2024
2025
2026
2027
2028
2029
2030
3876
3877
2958
2959
2960
2961
1070
2963
2964
2965
2966
1826
2968
4284
4285
4286
4287
4288
4289
4290
2388
2389
2390
2391
2392
2393
2394
2395
2396
3893
3894
3895
3896
3897
3898
3899
3902
3902
3902
3903
3904
3905
3906
3907
3908
3909
3910
1205
1206
1207
1208
1209
1210
1211
1212
1213
1214
1214
1310
3362
2389
2390
2391
2392
2393
3369
3370
3371
3372
3373
3374
3375
3376
3377
3378
3379
3380
3381
3382
3383
3384
3385
3386
4559
4560
4561
1284
1285
1286
1287
1288
1289
1290
1291
1292
1293
2837
2838
2839
2840
2841
2842
2843
2844
4129
4130
2847
2848
897
898
899
900
1432
1603
1604
1605
1606
1607
1608
1609
1610
1611
1612
1613
2140
2141
2142
2143
2144
1619
1620
2919
2920
2921
2922
2923
2924
2925
2926
2927
2928
2930
2930
2931
2932
2683
2684
2685
2686
2687
2688
2689
2690
3165
3166
3167
1142
1142
3170
3171
3172
3173
3174
3175
738
739
740
741
742
743
744
745
746
746
748
1874
3239
3240
3242
3242
3243
3244
1202
3246
3247
3248
3249
4464
4465
4466
4467
4468
4469
4470
4471
4472
4473
4474
4475
4476
4477
4478
4479
2894
2894
254
1645
1646
1647
1648
206
206
1651
1652
212
213
214
215
216
217
218
219
220
221
222
223
2941
2942
2943
3290
3290
3290
2949
2950
2951
2952
2953
2954
2955
2282
2366
2366
2366
3635
3636
3637
1210
1211
1212
1213
1214
1215
1216
1217
1218
1219
1220
1221
1222
1223
3664
3665
88
89
90
91
92
93
94
95
96
98
98
99
100
101
102
103
4604
4605
4606
4607
4608
4609
4672
4673
4161
4162
4163
4164
4165
4166
4167
4168
4169
4170
2546
2546
2546
2546
2546
2270
2270
2271
2272
2273
2317
2318
2319
2320
2321
2322
2323
2324
2325
2326
2327
2328
3458
3458
3458
4058
4058
4058
3434
571
572
573
574
575
576
577
578
579
580
581
582
210
211
212
213
214
215
216
217
218
219
220
4507
4508
223
224
4511
652
653
654
3338
3338
1574
658
659
660
661
662
663
664
665
666
667
668
669
4814
4815
4816
4817
4818
4819
4820
4821
4822
4823
4826
4826
4826
3376
2294
2294
3379
3380
3381
3382
3383
3384
3385
3386
3387
3388
835
836
837
4110
4111
4112
4113
4114
4115
4116
4118
846
4119
707
708
709
710
710
2654
2656
2657
2658
2659
2660
2661
2662
2663
2664
2665
2666
2667
2668
2222
2222
3614
4898
2864
2865
2648
2649
2650
2651
2652
2653
155
1400
1401
1402
1403
1404
1405
1406
1407
1408
1409
1410
1411
1778
2246
98
98
1831
1832
1833
1834
1835
1836
4430
4431
2846
2846
4434
4435
4436
4437
2263
2264
2265
2266
2267
4619
4444
4445
4446
4623
4624
4625
4626
4627
4628
2318
2810
2811
2812
2813
2814
2815
2816
3738
3739
2819
2820
2821
2822
2823
2824
2825
2826
2827
2828
2829
2830
2831
2832
2833
2834
2834
2836
2837
2838
1298
2838
2839
2840
2841
2842
1304
3302
3302
3919
2534
3921
3922
3923
3924
3925
3926
3927
3928
1849
1850
1851
1852
1853
1854
126
127
128
129
2582
1334
1334
1334
1334
1334
456
457
1374
1375
1376
1377
1378
1379
1380
1346
1346
1346
1346
1346
257
258
259
260
261
262
263
264
265
1358
281
282
283
284
285
286
287
288
1394
1010
1010
1010
1010
3480
63
2358
2359
2360
664
665
666
667
668
669
670
671
672
673
674
675
676
677
678
679
680
2295
2296
2297
2298
2299
3697
3698
3663
3664
3665
3666
4622
4622
4622
3670
3902
3672
3673
3674
3675
3676
3677
3678
3679
3680
3681
3682
1882
1883
1884
1885
1886
1887
1888
4812
4813
4814
4815
4816
4817
2383
2384
2385
2386
2387
2388
3654
3655
2390
3657
3658
3659
1313
1314
1315
1316
1317
1318
1319
1320
1321
2306
1322
2546
2856
2857
2858
2859
2860
2861
2862
2102
2102
2102
772
773
774
775
776
777
778
614
614
3806
2114
4526
3874
3875
3876
3877
4418
3417
3418
3419
4550
4550
3422
3423
3424
3425
3426
3427
3428
3429
3430
3431
3432
4562
4034
3719
3720
1286
1286
3723
3724
3725
3726
3727
3728
3729
3730
3731
2279
2280
2281
2282
2283
2284
2285
2286
2287
2288
2289
2290
2291
2292
2293
2294
2295
2296
2297
2298
2299
2300
2301
2301
2302
2303
2304
2305
2306
2307
2308
3722
1190
1190
1778
1778
1778
2315
4147
4148
4149
4150
4151
1202
1202
2282
2282
2282
3638
3878
1070
1207
1208
1209
1210
1211
1212
1213
1091
1092
1093
1094
1095
1096
1097
1098
1099
686
4166
2414
4250
4250
1910
1910
4109
4110
4111
4112
4113
4114
4115
4116
4117
4145
4146
4147
4148
4149
4150
4151
74
74
4154
4155
4156
3595
3597
2846
3599
3599
3600
3601
2330
2331
2332
2333
2334
2335
2336
2337
2338
2339
2340
2341
2342
950
950
950
257
2672
2673
260
261
262
263
264
265
266
267
268
269
270
271
272
273
2687
2688
2689
2690
2691
2692
2150
2150
651
652
653
654
655
2352
2353
2354
2355
2356
2357
2358
2359
2360
2361
2362
2363
2364
2366
2366
1586
1586
1586
1310
1310
4833
4834
1838
4836
4837
4838
4838
4840
4841
4842
4843
4844
1850
629
630
631
632
3710
3711
3712
3713
3714
3715
3716
3717
3718
3719
3720
3721
3722
3723
3724
3725
1054
1055
1056
1057
1058
1059
1060
1061
1062
1063
1064
1065
1066
1067
1068
1069
2367
2368
2369
2370
2371
86
1804
1805
1806
1807
1808
1809
1810
1811
1812
1813
98
3909
3910
3911
3912
3913
3914
3915
3916
3917
3918
3362
3362
3698
3698
3698
4648
3698
4650
4651
2827
2828
2829
2830
2831
2832
2833
2834
2835
2836
3906
3907
3908
3909
3910
3911
3912
3913
3914
3915
3916
3917
2963
2964
2965
2966
2967
2968
2969
4617
4618
4619
4620
4621
4622
4623
4598
4625
4626
4627
4628
4629
4630
3909
3910
3911
3912
3913
3914
3915
3916
3917
3918
3919
3920
3921
3922
2042
3314
1106
1106
1325
1326
1327
3752
3753
3754
3755
3756
3757
3758
3758
3760
3761
3762
3763
3764
3765
3766
3767
3768
282
1394
1394
285
286
287
288
289
290
291
292
293
294
295
296
297
2659
2660
2661
2662
2663
2664
2665
2666
2667
2006
2138
913
914
915
874
875
876
877
878
2069
2070
2071
2072
2073
2074
2075
2076
2077
2078
2079
2080
2081
2082
2083
3302
3302
4640
4641
4642
4643
4644
3308
3309
3310
3311
3312
3313
3314
3315
3316
3317
3318
3319
3320
2894
2894
2894
985
986
987
988
989
990
991
992
993
994
3275
3276
3277
3278
3279
3280
3281
3282
3283
3623
3624
3625
3626
3627
3628
3629
3630
3631
3632
3633
70
71
72
4274
4275
4276
4277
4278
4279
4280
4281
4282
4283
4284
4285
4286
4286
4288
4289
4290
1227
1228
1229
1230
1974
1232
1976
1977
1978
4286
2376
2377
2378
2379
2380
2381
2382
2383
2384
1831
1832
1833
2294
1835
1836
1837
1838
1839
1840
1841
1842
1843
1844
1845
1846
2263
2264
2265
2266
2267
2268
2269
2270
2270
2272
2273
2274
2275
2276
2277
2319
2320
2321
2322
2323
2324
2325
2326
2327
2328
2329
2567
2568
2569
2570
2571
2572
2573
2574
2575
2576
2577
3217
3218
51
52
53
320
321
322
323
324
325
326
327
328
329
1690
4226
1692
1693
1694
1694
1696
1697
4586
3302
3302
1981
1982
1983
2966
2966
4826
4826
1802
1802
1802
2826
2827
2828
2829
2830
2831
2832
2833
2834
2835
3686
3686
1586
1586
29
30
31
3422
33
34
