2.90651993532833
2.92000438085494
3.03176446278042
3.02103340913761
3.25861509883437
3.40487847301442
3.50443366910861
3.68346224813924
3.54277165116065
3.63375586650505
3.66446524120031
3.70262896028087
3.71298269255873
3.70420270908837
3.92689663484661
4.04966970724565
3.90829148535212
3.85404668561111
3.63895176563236
3.77970488207081
3.79656255214004
3.79875865877927
3.92042359264156
3.8497185682621
3.92672875574968
4.03056560075635
4.09117599241673
4.14488042416021
4.14488042416021
4.19207307172005
4.07389622997858
4.05120797361738
3.97825993504618
3.88557785963672
3.88639695531913
3.94479367118599
4.04793327654847
4.07538635375332
4.02744890581705
3.9635002956025
3.87528690227326
3.82694107774128
4.03292147937282
4.16515425473402
4.16239540414252
4.16239540414252
4.09956956429393
3.56243064222341
3.36692808581116
3.60622260540213
4.16334179446184
4.36233259522198
4.06456976582799
3.96874285001402
3.94656058264181
3.71546567171078
3.71546567171078
3.71546567171078
3.65055723026256
3.72381754556271
3.64964044540518
3.56024754813853
3.40807512541222
3.41182242095963
3.58109548492737
3.41361566524482
3.3256539596859
3.27658915439722
3.25682043855352
3.0698402625049
2.81060014092271
2.76315511850186
2.73052082607772
2.66849910184954
2.58260698134933
2.47912969176379
2.40125183766555
2.32678033193872
2.11134461755978
2.16495906595279
2.09821505630254
2.04739611586938
1.99049038983399
1.9438727856155
1.90868096387413
1.83048619477381
1.73670733572416
1.6527124624671
1.61036157865978
1.57326478013031
1.63279025607009
1.65957538853545
1.6425236253003
1.60029428105725
1.62824367866303
1.62682923330926
1.61013707592644
1.62684504300338
1.69658619237379
1.6776843994769
1.65921489757975
1.71139910710876
1.8203083846323
1.90015123038276
1.99084494705195
1.96830060948692
1.93868163256595
1.97905956292864
2.03396217230349
2.14036361501461
2.23307518553614
2.26021272943281
2.32981654481707
2.32362679191862
2.37016160023121
2.3980415292607
2.4104037348332
2.56081248538334
2.66913695636825
2.8097369297935
2.93062290996904
3.08341734529729
3.28171436778561
3.4544538837511
3.71039057751876
3.8370549422753
3.95994504910525
3.9998011120217
4.05640814767643
4.4648319674758
4.56978781913282
4.08068616752225
3.90360029179144
3.83867747721766
3.9337349592197
3.99548347393851
3.99548347393851
3.99548347393851
4.09577195961359
4.20569607167524
4.23706070123184
4.29454295152903
4.25286425703589
4.17931948440725
4.10251430798712
4.02827729542108
3.97109036624796
3.96054940228229
3.92747199380778
3.90797914985358
4.05374160122029
4.2934071415575
4.7765878391966
4.810917447312
4.810917447312
4.79120047688355
4.84881415066822
4.99015050396
5.01642175352966
4.78357909181339
4.72576400288797
4.74337059369943
4.8861319103663
4.85782751999397
4.93094648824384
4.73272212207872
4.96177247954649
5.38453090695956
5.09220110818289
5.07346132385442
5.15551693748696
5.13450261155881
5.05703760763112
5.07122522617726
5.20670164326596
5.21326305265006
5.27910642461882
5.21491238295219
5.1231807045394
5.02198643875059
4.79136677432646
4.43702924115823
4.25624348476615
4.28713375279822
4.16774279731911
4.13256032126941
3.92865321059419
3.81967716501245
3.86476637701129
3.60416127478174
3.51058757935529
3.45209458464311
3.27218502397066
3.16797530921714
3.0358550358392
2.96071754633866
2.8430571529743
2.73237717920171
2.52295694725026
2.47946584216101
2.41240743929315
2.36769927909023
2.28105346868197
2.19586739007862
2.13435863843665
2.09676175392644
2.06617783713697
2.08640957197276
2.05263557923658
2.03896207136314
2.05601614649447
2.19616457652126
2.22444154000952
2.24098203348978
2.26178745123801
2.28259894111776
2.29677072680199
2.35490087451057
2.37749987170225
2.42050993563221
2.43138133580352
2.48316598129549
2.55128923187055
2.65795613401577
2.82336567136106
2.93507305646583
2.8969738038701
3.01852195948217
3.07882106946226
3.06144887667308
2.96422131162807
3.17387881815607
3.26520644525115
3.24397800653698
3.24350042606353
3.21251051656191
3.38785955943397
3.10731044621771
2.94072121027861
2.88562215559486
2.75419178579869
2.59261427157517
2.51146377451453
2.46468359511182
2.41967155144377
2.4750273331606
2.67847503414473
2.70394027770159
2.64977627805464
2.65451371300088
2.63290444710663
2.47914234287098
2.30847634266632
1.96467452258401
1.81792851788775
1.67364353746329
1.59388699498303
1.42233019160567
1.36078467287447
1.3519027140431
1.42872263079721
1.46917984276428
1.43673790113235
1.40504849138208
1.42889608724787
1.42025110270671
1.37463738644267
1.36771304837302
1.36590528963122
1.4061831345634
1.50511127434891
1.62980037295647
1.76035069615217
1.87373743047638
1.95197080458646
1.81042457450684
1.80800699595724
1.75486498524349
1.87864168567889
1.89830006238312
1.78696856741496
1.71453764525067
1.59154524963785
1.63234491709802
1.82126810720449
1.89298061668895
1.83044289629431
1.74042068141276
1.75947597809849
1.7766827016461
1.89006478940962
1.98845165567786
2.29111718878708
2.56711986592711
3.0662194543154
3.20124911206246
3.01965044826924
2.81623573537163
2.73139445869905
2.78112044154981
2.90292546229468
3.018786631953
3.22404566970431
3.3275684158711
3.30377179742652
3.42056501943712
3.55037228859241
3.68548645197248
3.85861774720155
3.67205272521084
3.89540349716805
3.73152116308496
3.57681461396578
3.39695068848716
3.4097583181276
3.40548051834163
3.69632803278307
4.24190246696272
4.72512498001142
4.60252019155325
4.17288619240372
4.0752386310259
3.93921780010117
3.93921780010117
4.08712784300755
4.20126757694061
4.0471286681464
4.0471286681464
4.18103425126028
4.68598516571095
4.71381663479328
4.94040908401643
5.12955618746735
5.32606325992712
5.75199703126743
5.84702685800137
5.74382192022551
5.32224005560222
5.30911672924412
5.27419945880167
5.36921317972142
5.16347017362357
4.98314973803843
4.71223397854374
4.58612109898994
4.81661220322642
4.9310717826634
5.02476376306406
5.08786622632725
5.48943726136736
5.38083912091917
5.31614901631219
4.9657004645965
4.67360369527577
4.73208167963505
4.67879229551664
4.83823778420425
4.7622543667846
4.49170298846748
4.5324679911544
4.66364750712481
4.81236932800473
4.89177921711781
5.00279041734774
5.19107471851896
5.30735102894719
5.74228543237942
5.50550417772554
4.9812178019584
4.41092905355545
4.06517405444527
3.80687713638238
3.47304277004466
3.24530209782221
3.06276422267556
3.05135651751505
2.93010101471145
2.93496855168816
3.13214776655905
3.02099494080145
2.88669171013401
2.76658670319873
2.79286316908297
2.75410787806542
2.66794778347021
2.61207696086349
2.72846271011958
2.75458531388366
2.84120038702638
2.9855911770138
2.82061464195724
2.7344530711335
2.81838956701641
2.47383081787077
2.56621049425967
2.50640138927944
2.20740904884606
2.08708903266706
2.09404845404509
2.13896803902092
2.1530751319386
2.25507041558237
2.50982050746924
2.70959748704644
2.77410821461108
2.89042113011035
2.95221616131814
2.73967119977762
2.67098854368702
2.64020202900808
2.70871530882378
2.71873426817475
2.86104482541919
3.02625935863313
3.02157831448827
3.12271844138535
2.91817444168707
2.95599863384949
2.77215160307148
2.66705306935616
2.61360507213428
2.52042349678303
2.43859775340905
2.38578172832713
2.38200387643919
2.32574094571227
2.29349775272824
2.26705678258477
2.22313421762543
2.20573399067841
2.24737695048355
2.29096690832847
2.29842815410047
2.48413674790517
2.59575238701087
2.81826401647436
2.96555407678269
3.01603629376986
2.96380654336604
2.96787351616185
2.91662801557998
3.07663908860689
3.0482920303341
3.06455093528274
3.0338955247
3.14078670448768
3.30248545644542
3.15174618781353
3.36845574200406
3.34960963892935
3.51411268458449
3.43980472941639
3.32478540801944
3.16705085287062
3.03656622426407
2.52805270221661
2.38455371575032
2.5625756704275
2.52195061099814
2.62597928137618
2.62785712756002
2.52836949555305
2.58374479335908
2.50788339454039
2.46688725566109
2.46212588437542
2.40371063358013
2.20121370822904
2.07375299070727
2.14248053055631
2.02546823785186
1.98850712055483
2.0199560222018
2.21754969527312
2.21268845993019
2.23587501120784
2.2521147472294
2.2696320215711
2.32900716982247
2.34741462442962
2.37880223138006
2.40052988713359
2.43669547018948
2.66889679842339
2.89540225701272
3.157464447278
3.27165589700471
3.4083768545357
3.47387730701411
3.76238840368904
4.0721682999618
4.03143758066048
4.0852438587501
4.54128378941336
4.90910688368939
5.59676586986577
5.49599746718583
5.0152287968244
5.07089896955953
4.65232703258649
4.95726063722469
5.68395995623272
5.33918472076098
5.10110649590169
5.05690980989908
4.82960951465068
4.90790142139908
4.94363768629863
4.9092454267317
5.00880353261959
4.88473016221142
4.69490620058615
4.55606830973738
4.55606830973738
4.55606830973738
4.47965061310079
4.33964758066334
4.38074271710093
4.11743296005742
3.96272907731981
4.37247321617284
4.7121408222017
4.76389293939794
4.76389293939794
4.76389293939794
4.65433330229524
4.70029034684153
4.57978402836618
4.43966775214701
4.37406878936828
4.56544149515267
4.5087685289877
4.61836128766954
4.8092194476363
5.02054197715876
5.0264671196728
4.98159996566688
4.75747808337405
4.57699109290237
4.57699109290237
4.33223228275423
4.45878715574281
4.52273102557881
4.90202667799717
4.90202667799717
4.91432576166316
4.91281941031379
4.80266518424064
4.91063790662119
5.07793919737075
5.67984597381031
6.13388045535005
6.19574417344236
5.88356852784435
5.77151997554888
5.6528979157352
5.56779975464801
5.58373278910066
5.50695968726587
5.19207016229008
4.91296037467564
4.8965938609343
4.65778804960084
4.47920806822501
4.32523374131618
4.32523374131618
4.67282052335716
4.69849914943868
4.69849914943868
4.62970947736118
4.57659046624261
4.48440512499012
3.99229601985995
3.8979333698431
3.67166625836176
3.33837204808532
3.26512586668517
3.10995367352095
2.95062494909895
2.88821431570864
2.83363300287916
2.87374678551604
2.87210750541769
2.79974290271113
2.81086016521242
2.75036131896742
2.64247264075834
2.40503207492371
2.33809293344133
2.24694190606025
2.37165233218904
2.35493079008813
2.36453166101008
2.43648310154966
2.51028096695072
2.62541920851697
2.97387186329232
3.10030663896608
3.14368845866193
3.22111116867367
3.14277132664684
2.89571361534031
2.81745460325168
2.68943745880879
2.58753251294697
2.58753251294697
2.68943745880879
2.64942947329544
2.68146441289068
2.82470191793064
3.20590355868372
3.43468578387317
3.59316654640302
3.81475736832034
3.96896654026105
3.81412651288758
3.55679530501558
3.6567846418289
3.85581888771336
4.31975174177518
4.40206269256793
4.22170348992071
4.29451609757116
4.35083448056146
4.1606071073074
4.24368064276611
4.06580036326986
4.01969945279049
3.84251032898401
3.60463497583682
3.3190465122958
3.02514556721358
2.86132686273877
2.78169711113356
2.91515502226489
2.856694386858
2.81595280796034
2.7618275433627
2.70819076282611
2.68039082379726
2.64857773973425
2.71466696404801
2.63929188426558
2.62408706067771
2.61979992124419
2.6123795977738
2.62711592588607
2.6351416598166
2.6351416598166
2.7387244820639
2.85578797040302
3.11667161644979
3.12923366886342
3.19706735576036
3.16254655225526
3.0959037971917
2.98381983209947
2.9731402543359
2.9731402543359
2.9731402543359
2.79017029044734
2.73605275971364
2.68169635426945
2.61705434287363
2.64278776861104
2.61130902622985
2.54477045526991
2.46865691097079
2.49315963996971
2.48576041220283
2.46388532520116
2.47849472169246
2.32062915276336
2.26449412910649
2.37473409460753
2.37226706404861
2.39907341763501
2.39720788752894
2.35272203443655
2.57440995136289
2.84912006988921
2.87507955587716
2.80339621862338
2.78500974900739
2.84671668482204
2.94591287211185
3.05409574268305
3.23007329639393
3.42563764315124
3.61842786017104
3.90938179527358
4.4498698547449
5.17992084030848
5.03006071379924
5.3446593753593
5.2409469243201
4.9948898710271
5.09601820500427
5.1293686598359
5.10955160489695
4.93378451885315
4.88618547651273
4.89307529025659
4.88238268739674
4.6224202684806
4.56457004420284
4.49761441107368
4.46551605286966
4.36708199099481
4.36976226939633
4.37727955913211
4.64896144782531
4.87619853100787
4.85107581898745
4.87223002941974
5.13625465821257
4.82853220099822
4.82853220099822
4.82853220099822
4.82853220099822
4.62576098067622
4.62576098067622
4.43927061842889
4.47087370059806
4.35667897809222
4.35667897809222
4.43297325769765
4.65886301594889
4.95803117740705
5.15253381701277
5.02868149345992
4.98192695309913
4.98652513987597
5.00768424232927
5.00584249807153
5.03500981765295
5.15571918586818
4.59793183806898
4.37283362154718
4.03827706523404
4.03827706523404
4.03827706523404
4.40230941921248
4.46281936365309
4.56821422432989
4.78770833464302
5.18239270837725
5.53036674541917
5.96026845368757
5.96574355773753
6.05794863116646
6.0308427195996
5.92882760035026
5.59784400168186
5.43732562215064
5.50864320411948
5.59531522647332
5.68261802027349
5.78482841948488
6.23542674443674
5.97766161849667
6.1060804438433
5.85900864469833
5.54387130256878
5.11397933529094
5.89975871631127
6.05898717317831
5.78571914413927
5.28904310246801
5.19636103789301
4.99146169829548
5.02892459064458
5.00839173205368
4.90111188084187
4.78672287991256
4.78672287991256
4.77316263267597
5.14177742387583
5.03947611272981
4.68742317643959
4.4575251261279
4.23185504425837
4.0242377965585
3.78313359907679
3.52970502942356
3.3368986497259
3.21538555682761
3.02235653728929
2.95077504896458
2.92801022242312
2.79546883918898
2.88198950210199
3.03573869936051
3.03246638427212
3.14487832505026
2.94925874151265
2.70773333094587
2.8065896233675
2.99843310863717
3.01216449221581
3.1614776133506
3.1615055716141
3.14984034207923
3.24108961112187
3.2468429827818
3.23273383684321
3.45292140218281
3.43434425717487
3.46220367259058
3.25812098207299
3.31246905112084
3.23619781554241
3.51732487814696
3.41152728820135
3.30423176404213
3.35078355891132
3.46242608327687
3.68501699770775
3.86179100303741
3.96365963832662
4.23789233153918
4.51801070004478
4.71813055701578
5.04494285154393
5.36827068379155
5.76081150107289
6.35183719558804
6.20560101827116
5.36519148099902
4.99672730653368
4.99821669399554
5.11757691367694
5.34003944188172
5.35920270744655
5.32809931343692
5.24409631176166
4.95048973312261
4.95515796333538
5.0596815461103
4.95963710681675
4.79323303716666
4.71747105884008
4.66621122122562
4.68956206706356
4.68956206706356
4.66621122122562
4.85963847745926
4.98980345635179
5.0586314391723
5.09621530816863
4.869666928032
5.17588753570813
5.12501421555213
5.04965468707015
4.59939510145846
4.50395952106968
4.47698944080237
4.43502293210886
4.3278222193535
4.28208087573916
4.50035160372034
4.65619776366651
4.69734623688519
4.50408352089021
4.36138529012623
4.08678672486964
3.73398730997664
3.63605084949248
3.67983267489221
3.69159861640375
3.7317672013194
3.74626699689817
3.79378023883675
3.88435670269768
3.80445809592855
3.89034503254372
4.20273956726016
4.16519640101347
4.20933376714338
4.17459371682073
4.17459371682073
4.16621084427722
4.19596653418032
4.35169058616989
4.44765771538126
4.42207868686624
4.35405462659465
4.24711783081499
4.21803533941183
4.17985041391702
4.16301540314727
4.62813556669127
4.95341050370502
4.86074713254765
4.81542947494399
4.63242595743963
4.20829856112665
4.06491583306931
4.01559339363315
4.03851554281972
3.90890551155457
3.82352634735897
3.66857789838215
3.46654039311511
3.35015334600331
3.18482207428934
3.05830128870067
3.07585517229148
3.17178430781487
3.28756267701516
3.46751626387136
3.61766957125377
3.74662271591666
3.72705001326743
3.8262074780793
3.8698231775533
3.96828731752871
3.86312620913071
3.83957853066954
4.14770838584001
3.82896958772101
3.84620531391863
3.99179653412836
4.0620338579252
3.98634976886746
4.09612740802662
4.27593725701066
4.32272780241474
4.22492741071113
4.19530498655221
4.0301784560727
3.82060120704801
3.61718029938259
3.43287837104601
3.27703318369881
3.09460630428541
2.94072121027861
2.88562215559952
2.75419178579869
2.59261427157517
2.51146377451453
2.46468359511182
2.41967155144377
2.4750273331606
2.67847503414473
2.54932919224583
2.37100393923564
2.34541704327253
2.31121351215779
2.2567343445599
2.34696484930918
2.41922462403959
2.47393032846153
2.39841479615363
2.37669528932186
2.26984053797134
2.06128323108774
1.87967332877337
1.85483140613831
1.88126443383725
2.02692930087871
2.11953143965184
2.33042524261815
2.38326056207566
2.40652304041215
2.39734381745129
2.467505521871
2.5540359627814
2.58865349911252
2.49001123217699
2.46576503896775
2.59073785679636
2.64144309044197
2.60760832591562
2.51093929038028
2.40841895114049
2.43915505278938
2.5039484454274
2.57239096168962
2.61446307709736
2.59524445740571
2.58342512002863
2.49331137028287
2.38581150171596
2.28358829720836
2.13918719513981
2.05442713580034
2.02108805695874
2.1368519213921
1.91202890192992
1.81036431127029
1.82655576670374
1.79846051093684
1.78517651524794
1.85121911638415
1.86594785682339
1.90177526680716
1.95144726775064
1.96903074603927
1.97149710296129
1.92565710155842
1.91695818006215
1.85146089538077
1.87132296682554
1.88632010636826
1.91786585861064
1.9400653164295
2.00152695226904
2.17772012399514
2.2636114455481
2.37023176319193
2.63209863511581
2.88523777596748
3.38039111965002
3.86179100303741
3.96365963832662
4.23789233153918
4.51801070004478
4.71813055701578
5.04494285154393
5.36827068379155
5.76081150107289
6.35183719558804
5.77512466359127
6.25902374773284
5.71176804896641
5.69974921855917
6.36598072129795
6.29695324801637
6.13434450470679
5.56025925060816
5.43006206648169
4.8487002428789
4.45327606795085
4.41923786187366
4.42737223094242
4.4472597574394
4.42230369595696
4.15887908178356
4.30527918863778
4.30527918863778
4.30527918863778
4.31426528014035
4.27722707892578
4.23159733607512
4.23543807814104
4.18783662320264
4.08703521174283
4.14702742929445
4.00283286756724
3.97027091202344
3.90020309472511
3.78647580733512
3.75470836716017
3.6981791867805
3.56770348255127
3.44973355021193
3.34628290325668
3.34322991404177
3.28049146567967
3.33756463399866
3.06708782575339
2.71816706094527
2.81166425127806
2.73083440608423
2.6006403360403
2.51276781882582
2.33021704497828
2.16183436187947
2.10266283279132
2.07138429910489
2.00095811887079
1.99567442980335
1.9438727856155
1.86349404080316
1.81738279038119
1.69924659020676
1.54251567323826
1.4993766968017
1.52210506061115
1.54984921956427
1.56394692545248
1.65717366029481
1.61013707592644
1.62684504300338
1.64817025643594
1.6776843994769
1.65921489757975
1.71139910710876
1.8203083846323
1.92007973992588
1.99573936097742
2.11219199229697
2.1990025062704
2.23180873364359
2.35902925543524
2.61729989278201
2.88982650812725
3.05277216908857
3.10764459925916
3.16736191722579
3.16815247732148
3.2788638548483
3.23060924872158
3.28569876630895
3.2903751884199
3.43714440042683
3.4877403204447
3.35526304433241
3.38034564261279
3.41609908949498
3.4311619470372
3.47023500288494
3.33285126600913
3.65201300366397
3.60155445082929
3.20536705009702
3.03621812660838
2.90231966847304
2.83780554373845
2.71314201675514
2.59812746084485
2.53090445341911
2.52415583069347
2.58201134992446
2.5288715463139
2.46355437711263
2.53680269617723
2.45823603107119
2.5494115641069
2.55577880615202
2.52062228737221
2.49672507069964
2.53924497779486
2.61525248864356
2.69562237679433
2.76027880018223
2.85766923127699
2.88894766580129
2.8337437031902
2.76266454916008
2.66862798992925
2.76986539799957
2.92607731131302
3.13346778651435
3.19710262773965
3.1191660754675
3.34129453908838
3.45330533430564
3.41779110737235
3.27834146137883
3.3732230656394
3.10004152387161
2.89987868353193
2.81265110766951
2.94872508213775
3.20060642699892
3.35704703936968
3.80898740436195
3.92493002310352
4.18442355602797
4.38493414634487
4.5619475139225
4.49439281814707
4.70152964492925
4.74185354209808
4.86910569070471
4.80224321174292
4.86910569070471
5.01688307161471
5.01688307161471
5.01688307161471
5.01688307161471
5.01688307161471
5.09724847673532
5.09724847673532
5.15177213391957
4.91124680281389
4.72752895071582
4.40027756253769
4.18019817558931
3.72295626116663
3.67345146692458
3.8183692208368
3.7028804907324
3.53088864205746
3.22414820559647
3.16571132159097
3.14488011683827
3.0836662600455
3.00912157688298
2.97154253746693
2.87852201566341
2.79015030271242
2.68932241110045
2.46096116759004
2.08438297462311
2.11912181158004
2.14033123284122
1.9575744119002
1.88906145386635
1.84457898879365
1.78957703457231
1.76478986580179
1.79890603559873
1.79810767918502
1.81749817109005
1.80786752645615
1.88505988297916
2.00095811887079
2.0621104744527
1.90666710612439
1.85078874840197
1.78582490145842
1.72430139554531
1.74334926989033
1.71055345084487
1.68630552069639
1.7041690996707
1.84277744019087
1.93484460935665
1.97938072800832
1.93852631451291
1.92601065896418
1.92424052643822
1.87722539178605
2.05670311138219
2.19576988411018
2.22005401222023
2.27688934428908
2.43776193912011
2.46705218880593
2.5105777053568
2.68717888370397
2.80574498877369
3.11743407389511
3.2873825189085
3.37556161048836
3.56741459906444
3.75870506859619
4.04011069414967
4.0361368666568
4.1380569542098
4.19416827937495
4.32531529686066
4.43078123474881
4.47032362650189
4.60613550632268
4.65268039552866
4.68128727405577
4.83807709564539
4.82587428609782
4.74935463320321
4.73049048390308
4.88057472645454
4.85383745247431
4.85383745247431
4.85383745247431
4.94272980939353
4.83081242479544
4.83964643340353
4.83964643340353
4.83964643340353
4.7538531218449
4.9524601078415
4.78554221655089
4.41703790822422
4.30474402030532
4.19366241196311
4.36526255425722
4.49213122640242
4.41211052447344
4.5784020184274
4.60894046831452
4.71585493532914
5.02204620331266
5.86876190096434
6.25619934691551
6.22783109360669
5.69267605832737
5.36787075671305
5.19013901843613
5.18798067479644
4.80048383558777
4.49128896222067
4.25284837527601
4.16788961032756
4.13732575407726
4.04707462844638
4.01442081993095
3.84613320469463
3.53058953680229
3.30399467253705
3.08395616203335
2.87066425392906
2.59363532697504
2.64682488204687
2.51287085007923
2.5130736541073
2.61594291241076
2.70452373408042
2.6660104626731
2.48392025768554
2.29495907920104
2.29539997354565
2.34155874416473
2.24756586318256
2.1399426322264
2.1429662881652
2.14391127229908
2.15596239740828
2.23551392402373
2.39813092483085
2.42242009167254
2.47408950121058
2.54305391053427
2.64810121259073
2.74868977346333
2.89345240291932
3.0479441271788
3.16966422208581
3.43164927598042
3.64672822125733
3.46444415052694
3.3455233557247
3.29965185352076
3.23061684100483
3.32806718252609
3.38450086387558
3.18174409243579
3.11544103684505
3.18671039583611
2.83034862051417
2.60164005690098
2.49576690119408
2.36399040856631
2.25856878975298
2.03974277493737
1.74208813055831
1.64122272695099
1.64942632043388
1.64263728190161
1.49314204384481
1.4449260714585
1.44602432158531
1.47882112033588
1.48389166086997
1.50320161367111
1.55361021883549
1.5239902637536
1.45112084668999
1.53238033948212
1.43673790113235
1.40504849138208
1.42889608724787
1.42025110270671
1.37463738644267
1.36771304837558
1.36590528963122
1.4061831345634
1.50511127434891
1.56912245017653
1.59834588985843
1.7413990698771
1.92082187301567
1.9570376493938
2.01241463485547
1.96305086275758
1.97137138983115
1.99893773462776
2.07848638775971
2.15757026750839
1.8610895035684
1.71794440973902
1.69801960011705
1.64452358669225
1.55861837769299
1.49314204384481
1.4449260714585
1.44602432158531
1.47882112033588
1.48389166087056
1.50320161367111
1.60976955486786
1.70697280965632
1.76522518494365
1.89341563933579
1.88176458137736
1.91695818006215
1.85146089538077
1.83044289629431
1.74042068141276
1.75947597809849
1.77668270165225
1.89006478940962
1.98845165567786
2.2636114455481
2.37023176319193
2.57284834581406
2.88523777596748
3.28110669136647
3.18659135049211
3.03993465203735
2.89803975137862
3.02369351146908
3.10089061276403
3.22910764138384
3.37192498690144
3.04290113185378
2.78950378648599
2.49019982105399
2.49019982105399
2.64062964009296
2.51778897350696
2.44811627611842
2.37208475408331
2.46110318796597
2.45308980415966
2.41575471683037
2.47154345563228
2.50207552171511
2.59532034567958
2.8291553634063
3.05277216908857
3.10764459925916
3.21457791855756
3.16815247732148
3.2788638548483
3.23060924872158
3.28569876631598
3.2903751884199
3.43714440042683
3.4877403204447
3.45707565374729
3.38034564261279
3.41609908949498
3.4311619470372
3.47023500288494
3.60637713532385
3.65201300366397
3.88435670269768
3.80445809592855
3.79574807917244
4.05749343376419
4.61067900133486
4.42827336695258
4.54598397147516
3.97151302268565
3.99607781112368
3.99095702857039
3.93508895241948
3.91357011617754
4.08053952965383
4.26577690286098
4.46012427338163
4.59685513844821
4.53507712778857
4.78892643022073
4.96911731707611
5.64986433464469
5.47894582766851
5.22493602572461
4.85178540985373
4.81229211719945
4.77382434585153
4.90987754204969
4.89700718666694
4.92366232612802
4.96044546001392
4.9742067296751
4.76735936812315
5.01109372714469
4.95911616656296
4.84713261200584
4.92493114634824
4.92493114634824
4.77839101340138
4.80745633858539
5.16213806263379
5.33398852346076
5.31226765869672
4.63259203548296
4.31086434145106
4.42374647057795
4.59325310359832
4.52707075444975
4.66766606359576
4.64460038301261
4.73764960014945
4.30529549907656
4.25926321411484
4.66824459438262
4.62219728131281
4.56642646338023
4.47159186022603
4.52908503304367
4.47651260667431
4.50628949176935
4.16180633761202
3.82673729352448
3.73189858079227
3.65995014532045
3.50789380822376
3.37936306568336
3.19413346201653
3.06620746803388
2.88961192197228
2.74525813996421
2.78840692426109
2.77903923222044
2.82108576758032
2.81381530954936
2.87137794039875
2.99574285462944
3.13658632684088
3.1492407902194
3.25477844165374
3.33865692139488
3.31122215162637
3.63604680828846
3.64503091064577
3.55116558408673
3.60424358848115
3.74783215003909
3.84862670477343
3.99211736560008
4.39924721575843
4.67343797949479
4.77545972315272
4.79236882902998
4.79236882902998
4.76350476895258
4.76350476895258
4.86700781356896
4.86700781356896
4.98216375225943
4.9031903215121
4.9031903215121
4.9031903215121
4.9031903215121
4.67448945983411
4.6633550764913
4.49552469930567
3.83579380641578
3.68630698474193
3.72096171959148
3.29522316749879
3.00632595480057
2.83474082385016
2.61868461955049
2.55721228989538
2.52711116042342
2.64111412295304
2.96895184967066
3.02992051004768
3.1325036386618
3.34146595948685
3.05812185578553
3.20685688674783
3.4368799323974
3.28517473589185
3.31272751234477
3.51054656251757
3.65640757330119
3.58387474647008
3.84889148374725
4.02898594524804
4.47437063712616
4.21509604201669
4.04380973082593
4.3186419670147
4.18213579784052
3.98175214777183
3.85840176021197
3.61944575470851
3.40591667024246
2.82131301077984
2.50764296931044
2.48832742132375
2.49019592689446
2.65205395139119
2.78950378648599
2.49019982105399
2.49019982105399
2.71830268195156
2.77559198866044
2.76570038848682
2.81977130088175
3.04260134396867
3.02212807028091
3.0429174642609
3.10240886179515
3.12701571627061
3.18043187504069
3.23551042570442
3.23562773509475
3.29183601664405
3.29183601664405
3.35160901949252
3.43425462936956
3.59365519875126
3.73733150836106
3.46019193239727
3.21099896099545
3.06492456908306
2.96413606786515
2.88777915178508
2.88031420607567
2.80936277023606
2.71363937016206
2.63537452918206
2.64505073264344
2.57320368407137
2.57320368406655
2.57320368407137
2.55463586053542
2.51962394772603
2.50385044803523
2.4043331670451
2.36076344262053
2.36686267611465
2.38429540126274
2.36584895914658
2.47433057211338
2.47383468497223
2.54017893930583
2.62893844332666
2.69922277761592
2.69336953774846
2.41270174444652
2.03928965122944
1.87920326064576
1.90118021882888
1.91424745227531
1.91548028627654
2.1107876709203
2.57164901471164
2.82124948202308
2.71659751334656
2.76022492711376
2.80815056379898
2.79776176834918
2.48421488268895
2.34468847278447
2.19834374902952
2.13576848352155
2.101878281845
2.11707318611933
2.09893005646061
2.09737829441236
2.06047011073534
2.09044668762707
2.12034182595773
2.07161876392126
2.05939601428906
2.01170972846759
1.98708916133565
1.96814213997838
1.96623343568676
1.88747372520836
1.89390221960929
1.83332190278695
1.80951000382094
1.87619328611928
2.07300027592697
2.19551736987119
2.2586429351157
2.24620369813317
2.33042524261815
2.39530117244635
2.49237623646011
2.70321300520445
2.91762656040309
3.01468873798801
3.17455960600313
3.29740231536068
3.38275069625786
3.59221055136838
3.75622396714538
3.72598475891171
3.86229857505166
4.16921909316557
4.30529549907656
4.25926321411484
4.77611954259601
4.68332861035615
4.5469668527566
4.19607066046606
4.46069773776274
4.46069773784246
4.59462936117894
4.7613899050331
4.72899363732199
4.5137063830204
4.81002207445258
4.81002207445258
5.42477838177929
5.37273159924324
5.37241147575744
5.1660336518644
4.75792039305069
4.42030193462357
4.42030193462357
4.2313500270074
4.18466653811941
4.29675874313505
4.28465672995841
4.39672085978904
4.57181117072592
4.9031903215121
4.9031903215121
4.9031903215121
4.67448945983411
4.6633550764913
4.47771782311807
4.35037227833277
4.24580981009176
4.17948371878686
4.26688242857822
3.8133530218453
3.48953904740518
3.46804770808911
3.62059516722797
3.95191517793154
4.29024608224293
4.52257823195457
4.5929198914364
4.57121734295426
4.47975166990293
4.40238321853858
4.44455569857895
4.53205259900607
4.9138423728943
4.98905935395818
5.14405056137115
5.37982220304525
5.73514365712474
5.91325973126364
5.66905276334445
5.93641347183354
5.65264932450473
5.25287246971376
5.14201389382584
5.14201389382584
5.25287246970852
5.35692039528162
5.28436389416918
4.82853220099822
4.82853220099822
4.82853220099822
4.82853220099822
4.62576098067622
4.62576098067622
4.43927061842889
4.47087370059806
4.71178190860333
5.0431089250626
4.78362442731195
4.82718379302913
4.8298476791936
4.71573103656416
4.72139349747753
4.78380483765126
4.80106596985872
4.91024331898572
4.83153384481594
4.86485585934555
4.84633801263458
4.79446168886814
4.84324765146662
4.67839618039401
4.37004955692603
4.03961113471714
3.66042633908631
3.4375005363489
3.12840457186907
3.01451740462305
2.85592314754325
2.77307084587499
2.61297399827492
2.65641617123114
2.67257710939431
2.66650585697238
2.5748653347622
2.70910266023132
2.64463397956841
2.46476528950418
2.48864507816171
2.35478405236691
2.31877012075249
2.34477273353669
2.31605148485828
2.22882184824693
2.07477950727251
2.01155330828972
2.09589240608609
1.9772849970454
1.92672038091329
1.78350317008763
1.56301944266257
1.7399339009874
1.75180667437987
1.71561988489181
1.68353333799634
1.68268803208691
1.69233710589199
1.6425236253003
1.61687533472363
1.62824367866303
1.62682923330926
1.61232444632618
1.67483156314704
1.69658619237379
1.83604558063172
1.89217183324811
1.88906145386635
1.84457898879365
1.78957703457231
1.76478986580179
1.76644168252224
1.79810767918502
1.81749817109005
1.79294958614932
1.77306889012154
1.69924659020676
1.54251567324342
1.4993766968017
1.52210506061115
1.54984921956427
1.56394692545248
1.67752281572952
1.89239167970768
2.04071365258497
2.13260112973882
2.1990025062704
2.22024450086934
2.25114384992831
2.32350473186672
2.39512433230012
2.36182777149668
2.2742950022605
2.29384817452713
2.28104767807503
2.37550226813738
2.60713440904207
2.8107599248214
2.83532395742637
2.84226271264861
2.94777637040901
3.04241248612626
3.18073077440786
3.19851846961663
3.31578197493769
3.70323938473933
4.33909955279214
4.74287924100439
5.19281944001589
5.56732304728383
5.3043884571429
5.02987218035069
4.71364324395394
4.66185444152018
4.53032084943318
4.39684089157476
4.32961055242176
4.35884895453179
4.43809796539901
4.34319018975369
4.22357735894101
4.08662367050248
4.01467199310575
3.64207135675581
3.44255995418459
3.47240191948662
3.5376667630561
3.5376667630561
3.44707311530114
3.32879834080617
3.02321038875516
2.72960580414397
2.62601527502586
2.51720835181824
2.43784541610505
2.39086699840514
2.34016898514769
2.28357280524076
2.23871411496184
2.29441128931117
2.31790546592147
2.32417225633264
2.28934426981228
2.25248495490702
2.22155423578345
2.23225947347918
2.22287465507536
2.20172177486983
2.25891227375603
2.26021272943281
2.48031266104507
2.62112009234807
2.80308107175311
2.93153441824495
2.82432226171394
2.88544556634125
2.8786935534646
3.15454125215779
3.20175790563347
3.17098296805063
3.15850159976159
3.06237291467924
3.19784481180618
3.2984399980749
3.5838203064301
3.86974817616537
4.28932086307585
4.62613236786689
4.86538320745979
4.63590493245558
4.73141778712682
5.08909342123486
5.29318253522262
5.29318253522262
5.11552177517554
5.16047790067837
4.99539859826102
4.89152225243406
5.0670392825377
5.61103321989722
6.62991542861072
5.78309015797351
6.12659301547433
5.69267605832737
5.36787075671305
5.19013901843613
5.0498225277004
5.27716131552953
5.50259736470487
5.5680276894966
6.13641280094838
5.63992037231743
4.90212192725089
4.19132041648146
3.7394892470632
3.47976397125066
3.36124041249698
3.15069657277463
3.08207565791653
3.12131034015967
3.26837041336533
3.4475077020338
3.47139016255634
3.38548037751005
3.20769173437367
3.14859255129475
3.03993941851035
2.70155253621023
2.55256191382334
2.42651812609297
2.29233148849382
2.20988048673039
2.17145321453562
2.15069875383587
2.30366676568019
2.32151487155294
2.29509249428181
2.27374695000509
2.27342086217777
2.2919009908073
2.28654132825286
2.29097062780451
2.32844266499066
2.3328505637773
2.38817974471584
2.40780336128635
2.47389563939458
2.50386855465505
2.56886731138087
2.61776973488661
2.74654282105411
2.78443457240678
2.70475258999582
2.66233626324555
2.69444035094047
2.9922945269407
3.37821263617052
3.86459005398746
4.49874732886836
4.92816478976151
4.51004358272772
4.38261981725367
4.31200085749689
4.21684403407459
4.04618719475688
3.94469055069997
3.89015278356822
3.80383825199788
3.8007387368824
3.85023671602854
3.85023671602854
3.8446632203422
3.91401487934975
4.14411843028205
4.00893782918037
3.46504689600151
3.21753797888711
3.16806096182341
3.60461422017699
3.54996044586116
3.4542747368991
3.28172082890813
3.30351153628922
3.27925397858233
3.27925397858233
3.27925397858233
3.27925397858233
3.17438434089262
3.12770277724667
3.06538689478318
2.99559665981408
2.99559665981408
2.99559665981408
2.89371369640759
2.77126118529431
2.72695699697693
2.78067736619802
2.73895832446729
2.64993277890609
2.77143861677083
2.74145934001278
2.76230696035462
2.76230696035462
2.76695743347985
2.78257656419542
2.9077707863444
2.87632815555501
2.85317578322962
2.83751562568826
2.85149839150616
3.07219586819838
3.21440631863392
3.07091317570276
3.1257133633823
3.34551292989924
3.52427849967273
3.41556159775889
3.38999425256452
3.50551551256247
3.51535562832334
3.38233313486845
3.45590564634451
3.38213495954671
3.31877117145185
3.20642718938662
3.13817330717038
3.03732601182001
2.86843812643899
2.80472882219336
2.56025573178965
2.50642789007019
2.43698364585821
2.3767043719316
2.37390323077207
2.43472627076102
2.49777615391316
2.55229363393718
2.58744320226745
2.62325581982842
2.68957256855631
2.65546310646303
2.54130090601198
2.46269554089291
2.37853856855711
2.31530296000284
2.40679344864539
2.49276580690149
2.49276580690149
2.47548039251798
2.38015502345362
2.38015502345362
2.38015502345362
2.65474662375049
2.83594331800762
2.7226463402307
2.56548829885433
2.40381483950728
2.40381483950728
2.39310445459154
2.38671451334599
2.52002817232156
2.5062898684207
2.54052505677366
2.57339245095711
2.60402885267277
2.58796022640401
2.61065690980036
2.55671572683091
2.63947633493799
2.74850592719516
2.83122775622007
2.98246884736046
3.10841316374201
3.2973306665934
3.83758702746099
4.09625819744761
4.41961981952275
4.61969584935098
4.7622543667846
4.49170298846748
4.5324679911544
4.66364750712481
4.81236932800473
4.31642068730263
4.05610961861615
3.81412651288758
3.55679530501558
3.6567846418289
3.85581888771336
4.31975174177518
4.40206269256793
4.22170348992071
4.29451609757116
4.35083448056146
4.33333301427104
4.06580036326986
4.01969945279049
3.84251032898401
3.60463497583682
3.3190465122958
3.02514556721358
2.86132686273877
2.78169711113356
2.91515502226489
2.856694386858
2.81595280796034
2.7618275433627
2.70819076282611
2.68039082379726
2.64857773973425
2.69024962363169
2.55541374503502
2.56256645093054
2.54379343814139
2.50760198038307
2.49160556924415
2.60583051138557
2.6351416598166
2.59842974994407
2.5560607575436
2.55553644625053
2.63090141293631
2.66396645624764
2.7203406287174
2.75871651434756
2.8275387962983
3.00016297321212
2.96422131162807
3.17387881815607
3.26520644525115
3.20124911206246
3.01965044826924
2.85841493648726
2.73139445870635
2.78112044154981
2.90292546229468
3.018786631953
3.07834877245992
3.3275684158711
3.30132145245838
3.19482922682278
2.97272154197755
3.0903077923269
3.07763115282889
3.14690237437402
3.29886719041647
3.21715085621822
3.31649282796151
3.03385161790702
2.93863945441568
2.99175346227751
2.95347091771597
2.9982934671764
3.05806800864758
3.10086385909343
3.08589767903166
3.01796282731781
3.1267636389805
3.09067016632212
3.09067016632212
3.1267636389805
3.22453993378708
3.28110669136647
3.18659135049211
3.03993465203735
2.89803975137862
3.02369351146908
3.10089061276403
3.14068869118499
3.25506267308619
3.50263148302894
3.76334781149352
3.67198518347325
3.59467599985119
3.59948770591452
3.86780787182092
3.90895387374278
3.87260236580212
3.79447573904757
3.80119086343226
3.80240891685675
3.80073234985709
3.80150707680785
3.58210060037712
3.5389074851161
3.6536173303193
3.97062604055579
4.37675191221868
4.45082082416886
4.32375176243987
4.45321078781838
4.55589769245829
4.44498166163627
4.74402211305073
5.24818689550725
5.06735006331018
5.22483318160083
5.43913191612198
5.49986860378778
5.50696300430027
5.48610409163491
5.17410012519959
4.84633801263458
4.76675711583724
4.60734456987289
4.15838197043939
3.9348627022719
3.40591667024246
2.82131301077984
2.50764296931044
2.48832742132375
2.49019592689446
2.59130150084577
2.50515829981551
2.40089166334524
2.39754932693723
2.40014314892723
2.39912288101387
2.3946338085824
2.35294173276121
2.32152870154664
2.37208475408331
2.32832962808896
2.23802480708471
2.25114384992831
2.32350473186672
2.39512433230012
2.36182777149668
2.2742950022605
2.29384817452713
2.28104767807503
2.37550226813738
2.60713440904207
3.05724771156884
3.01548878214435
2.86077225841833
2.78455561873764
2.69806149096649
2.63969556371719
2.48632830371421
2.52712660945843
2.54261946643272
2.55644047260588
2.55803695465479
2.57413011975403
2.58684171110356
2.61637101484688
2.63549156237198
2.67723106922351
2.67590370849032
2.74430219128137
2.93269119570615
3.12131034015967
2.98546939447915
2.86026717403771
2.84102326847031
2.77857120308234
2.63295630585797
2.7609769430025
2.59740179922544
2.74257346939644
2.74145482063192
2.69627063747629
2.69669683239701
2.71399581132151
2.73575949228473
2.73654436380598
2.82527655216509
2.80693265079923
2.79334322931728
2.96017382959895
3.01139519256627
3.24735681912233
3.59005212708595
3.67803091540995
3.74450819223549
3.51609921538615
3.09864575362807
3.20754737443937
3.3169126647083
3.49585036773844
3.56897253962746
3.77332736986199
3.8077545706845
3.82049953674661
3.7722797372956
3.6517658800257
3.43144772248382
3.44644840302425
3.6280626608908
3.89259079898589
4.32852690403523
4.34471968629975
4.54549111607415
4.54665668689629
4.54665668689629
4.40893056624109
4.21608788151206
4.08238625326761
3.82892471860426
3.56114147452801
3.35574086077776
3.16289827310527
3.06276422267556
3.05135651751505
2.93010101471145
2.61460878911727
2.50454713190462
2.54490972745903
2.48525832693108
2.48525832693108
2.48525832693108
2.66017763653687
2.8065896233675
2.99175346227751
2.95347091771597
2.93234688968919
2.94399058204636
3.00932883945175
2.89571361534031
2.81745460325168
2.68943745880879
2.58753251294697
2.58753251294697
2.64942947329544
2.68146441289068
2.71703603414197
2.92538196440118
3.35596154056134
3.31288186824398
3.2979968534375
3.22256837151724
3.30390633256787
3.35279718341345
3.37607681793306
3.3928478551856
2.90938853078229
2.55820001277714
2.48313325979298
2.47622060457907
2.53687220949779
2.5670818779477
2.36604570949767
2.0621104744527
1.90666710612439
1.8325382213306
1.78582490145842
1.72430139554531
1.74334926989033
1.71055345084487
1.68630552069639
1.7041690996707
1.84277744019087
1.93484460935665
1.83409152885828
1.77393839546305
1.77631535571246
1.79015678173369
1.84633381822201
1.81830995168684
1.69773282831671
1.79304565469129
1.91440514913698
1.92113705721144
2.03498838309738
2.07776111757895
2.09280671327991
2.20960817191033
2.0403631004779
2.03752044645396
2.22919239233356
2.27694987855144
2.32504018019552
2.40378011437416
2.49156081381246
2.59518610067537
2.79944056024797
2.97081620432318
3.15278061050822
3.09913121194211
3.04675969329773
3.2336200281975
3.24569506421669
3.30074621867791
3.30622209701122
3.43383926426747
3.59005212708595
3.67803091540995
3.74450819223549
3.51609921538615
3.09864575362807
3.20754737443937
3.3169126647083
3.49585036773844
3.56897253962746
3.77332736986199
3.8077545706845
3.87487413342247
4.01707276644824
3.99792095712357
4.00996086421834
4.0735757634936
4.12872696077895
4.34241946120512
4.7227775857202
4.86485585934555
5.056694409187
5.15501281961873
5.12643694109899
5.12643694109899
5.12617296343374
4.98820549228505
4.74898432490642
4.64161468513387
4.74953014428427
5.11468293918757
5.00922021366303
5.15985874007171
5.19574876890244
4.71359226059024
4.13588987711014
3.9748854537256
4.19089267559655
4.22097094596382
4.40754731597013
4.38554005596305
4.24273617475945
4.41537492434429
4.73746699932174
4.84702230258952
5.00600537234878
5.00600537234878
5.00600537234878
4.96568213595
4.74116631384596
4.69429422597367
4.602497585973
4.602497585973
4.602497585973
4.78467994625313
4.78467994625313
4.602497585973
4.602497585973
4.65073078582487
5.08010539529957
5.49514532845446
6.36666816171367
6.17984218576456
6.40848822064255
6.40196042970312
6.59043613814995
6.57175017111235
6.46056304227294
6.01124177083229
5.61798434897988
5.20342852218431
4.78868089509525
4.38664313115138
4.26152288293365
4.13860046452003
4.04095983749252
4.07891616739786
3.98270610237372
3.75236470554689
3.50364869565685
3.68727768376511
3.61898393841619
3.54551323197574
3.34451618308713
3.26048376981833
3.237087528199
2.98999506390231
3.00171426508589
3.03040555066444
3.20742606331406
3.49250380743981
3.17476568810329
3.38899467823615
3.47229998785022
3.44884647749789
3.22680725518412
3.1428564396837
3.02936670887083
2.84489076607751
2.67525084643623
2.62325581982842
2.74070678198947
2.63296983692985
2.60501791051246
2.59733777271894
2.76277632697946
2.8990818119452
3.00822218919108
3.01747486203769
3.01747486203769
2.97201847579375
2.90290613318181
2.85947158415788
2.85947158415788
2.90810930205956
2.79470866422766
2.64751919714595
2.4840217675882
2.48479797053554
2.63259341316203
2.64036329764982
2.62099689746964
2.62403858166795
2.63946366448946
2.66557279231403
2.6557311242466
2.69341374337094
2.65960092434862
2.76803246381786
2.81880847870822
2.80025629792159
2.87628460783262
2.91460130606421
2.98634723864772
3.10963058224914
3.21587160817556
3.56060877950619
3.84038725006723
4.29387994853538
4.5947095718427
4.84730312578133
4.54804028107084
4.14424647525806
4.09064681963842
3.98003583827404
3.78546029339584
3.68656342593774
3.6566674039945
3.82819273754849
3.89497377672567
3.69912692823022
3.16357033605781
2.92703656324018
2.92255120110322
3.21437085070021
3.31814724710835
3.32817072094617
3.24188301537119
3.2039960253751
3.12349149641024
3.09293636517529
3.03922075107421
3.16416373654227
3.1825332759222
3.09909083257359
3.09417808409179
3.03672286797867
3.02944009626811
3.10913613157697
3.26964261196163
3.3876320882298
3.32629919077643
3.16474628552143
2.93827633097972
2.88538536223255
2.92468405913103
2.87485283116683
2.89612138003749
2.93310669990178
2.8870853174655
2.84628086880543
2.9128478216494
2.97484857113892
3.02142044997308
3.10087639582701
3.16695954179323
3.2769792499836
3.38109103698631
3.67718059218405
3.75734332422508
3.83597119833266
3.77557794908842
3.78679729645282
3.9187117218293
4.01303933021672
4.10054707279639
4.26521981206859
4.72687155797176
4.810917447312
4.84802574192018
4.9306924147802
4.99789943320049
4.87703775875139
4.78357909181339
4.72576400288797
4.74337059369943
4.8861319103663
4.85782751999397
4.93094648824384
4.73272212207872
4.96177247954649
5.40183938231698
5.59198615147911
5.61104461237935
5.19726157268575
4.53268625074904
4.08020093907883
3.89994289881711
3.82470935994051
3.83867747721766
3.9337349592197
3.99548347393851
3.99548347393851
3.99548347393851
4.09577195961359
4.20569607167524
4.23706070123184
4.29454295152903
4.25286425704762
4.17931948440725
4.10251430798712
4.02827729542108
3.97109036624796
3.96054940228229
3.92747199380778
3.90797914985358
4.05374160122029
4.2934071415575
4.55821470836087
4.38363536848844
3.97686190976848
3.74872682138351
3.57414809286878
3.54046310814728
3.45865620091323
3.37061817428947
3.35358643476595
3.42360138244581
3.44002572846299
3.53665366025198
3.62763495928087
3.59004432117327
3.63504660272675
3.65200911774021
3.75311993746306
3.36554963783291
3.03352795358604
2.89458700493303
2.73925300309066
2.65165799746977
2.56493621469331
2.52754506213944
2.65238846064364
2.5725117112729
2.45780220043854
2.42350451577698
2.28370078041807
2.14682535020203
2.01229267213389
2.01841511491235
2.07224395070157
2.16342291648462
2.36573841793868
2.57943291604224
2.67425293091267
2.79561963489801
2.94276709782142
3.14688961777308
3.34183568404104
3.47848410211402
3.65386631751452
3.78418586365759
3.70370841204834
3.79122809499796
4.0556582531491
4.073888906336
4.02063991764759
3.85648401084218
3.83610473446926
3.88562218181608
4.18812141897893
4.18812141897893
4.18812141897893
4.09186479683207
3.92344960410415
3.81323008518733
3.81323008518733
3.82984395657077
3.49619529230638
3.49619529230638
3.49619529231395
3.49619529231395
3.49619529231395
3.60760839612838
3.6610119226002
3.67125763385311
3.75775349693176
3.97076014996372
4.04610122392176
3.92873808834403
4.26677972301171
4.30024348784399
4.36371453810453
4.47398883393477
4.64864975174121
4.72768026918768
4.91021275573303
5.04257999585818
5.21382282083304
5.38041637588777
5.95950086041111
5.99709463730573
6.38283004536586
6.09496687417675
5.74826013531877
5.75208125895616
5.75208125895417
5.41019222320217
5.34400691515288
5.34400691515288
5.73494538868474
5.32211414136677
4.86173488442018
4.56215421290587
4.44937235398788
4.12723787846661
3.9127302226865
3.66627646515934
3.73442444157511
3.6568924144812
3.4870639291044
3.28053315458063
3.12811179698623
3.08490024818829
2.83908054783589
2.88917036085097
2.90035545877279
2.61403666865364
2.42146524481612
2.32757871489542
2.25796817522265
2.21262505834576
2.14536335633464
1.98676760594002
1.87548516332057
1.8554598917038
1.87453826267577
1.84172668653642
1.84476648569489
1.80288731174669
1.72005929769803
1.73346203462385
1.79765192336208
2.05481475012122
2.22519998139661
2.27239414735524
2.28423215067727
2.26358214396068
2.28842663246005
2.3412892671848
2.34565090114835
2.34469780359813
2.38686377564405
2.40854760508412
2.47990455199791
2.73649188705786
3.2184751226993
3.72275625883822
4.27704767498642
4.3348336508559
4.3128609209126
4.3128609209126
4.25186398862558
4.25186398862558
4.3646862725129
4.50010349728271
4.60594273969709
4.57860206636407
4.72205780171061
5.01688307161471
5.01688307161471
4.92596773173749
4.53832023931969
4.64784068524997
4.37120117220672
4.11551253586464
4.09037222783057
4.13719776623171
4.16865204637894
4.08566227548426
4.12275476217221
4.12279226068007
4.02702926937499
3.77125516525847
3.764031172318
3.71267048806535
3.52274293152499
3.39147519259267
3.12753624417233
2.83332476924815
2.6978938808404
2.46975723744297
2.33657200795854
2.30726007588656
2.18437897221449
2.09024875336006
2.1223921095194
2.11982461576298
2.0843373845667
2.15718229846687
2.14388134476156
2.21782699256454
2.20948618437074
2.31600548630068
2.51291892469936
2.47200339076632
2.49817342019641
2.6059634551533
2.64751919714595
2.4840217675882
2.40381483950728
2.40381483950728
2.39310445459154
2.38671451334599
2.52002817232156
2.5062898684207
2.54052505677366
2.57339245095711
2.60402885267277
2.58796022640401
2.61065690980036
2.55671572683091
2.63947633493799
2.74850592719516
2.83122775622007
2.98246884736046
3.10841316374201
3.21587160817556
3.56060877950619
3.84038725006723
4.29387994853538
4.5947095718427
4.84730312578133
5.08264297519528
5.10461758984715
4.89497466043551
4.89220177608009
4.88873935482816
4.92030270122261
4.88539971363667
4.98494000744773
4.92161476342682
4.9616110259035
4.86074713254765
4.81542947494399
4.65797666248051
4.63307815424057
4.4914665853309
4.41322850097135
4.2704356069155
4.19293949658687
4.23309800544426
4.17955590145511
4.03386433412576
3.8286226432669
3.71225070214726
3.43258470139233
3.3386233840289
3.27013097157278
3.22587707970624
3.31727991839297
3.2317473844566
3.06645500691565
2.93967943664569
2.67606974500215
2.47772919685934
2.42146524481612
2.32757871489542
2.25796817522265
2.21262505834576
2.14536335633464
1.8610895035684
1.71794440973902
1.69801960011705
1.64452358669225
1.55861837769299
1.56780959678481
1.54958418302396
1.53292078847316
1.54855139876279
1.53287253334422
1.53537232980696
1.60976955486786
1.70697280965632
1.76522518494365
1.97720531901679
2.01143004112836
1.98247456618277
2.12831191467869
2.21066333884832
2.1801230307595
2.14939720160745
2.18018895059604
2.08708903266706
2.09404845404509
2.13896803902092
2.15307513194155
2.25507041558237
2.57978050785237
2.65703950737136
2.8146746589041
2.83805991266528
2.99681013867866
3.07742011170145
3.52377812386048
3.83060168261929
3.94623379608488
3.92306133150532
4.11393510030884
4.28921601413382
4.48493498600564
4.48493498600564
4.47072150038675
4.2615039362791
4.05093689930109
3.81728692183278
3.65114345556486
3.47531851099964
3.43369128332684
3.30117490534723
3.0203492309111
2.94385959900557
2.83934863294138
2.71022879552104
2.27541957040657
2.02314358037231
1.95858999979042
1.88949702423682
1.84419455079027
1.94269490226411
2.04526863858462
1.96944711390045
1.98719145072464
1.92706614384653
1.81830995168684
1.69773282831671
1.79304565469129
2.0669026150457
2.08013407906777
2.0671500229533
2.15161874676195
2.19020477357385
2.24747765085892
2.36707394177821
2.43841885680793
2.51251106852809
2.60401234622136
2.67517084253627
2.67588161042843
2.64084322066832
2.71964918307858
2.62496038270468
2.53590618387846
2.51634861740537
2.53155888244819
2.4280451727016
2.37157902804642
2.54598060188737
2.81491468305501
2.91676251361163
2.92226781316921
3.0624066841223
3.08711938336033
3.02006788499048
3.05321160333803
3.07145589712353
3.09396259035935
3.12455838738675
3.2067172118463
3.23435343088123
3.35408964764325
3.3986870756954
3.50502190088938
3.66280013165823
3.86194520354186
3.87761542627802
3.96547318722489
4.19527652595523
4.31559009091919
4.37888384936482
4.20993457513141
3.93046867052941
3.88723682456782
4.24598595789381
4.16300121780122
4.23610381061553
4.39417901567881
4.77016150668006
4.95063775214522
5.1736653347994
5.12308217167504
5.20184304017714
5.21499031640384
5.45700687105998
5.2409469243201
4.9948898710271
5.09601820500427
5.1293686598359
5.2599625716206
5.29756091522624
5.14719302778071
5.07039606082399
4.87716383818716
4.78556129341274
4.6224202684806
4.56457004420284
4.49761441107368
4.14424647525806
4.09064681963842
3.98003583827404
3.78546029339584
3.68656342593774
3.6566674039945
3.82819273754849
3.89497377672567
3.69912692823022
3.16357033607829
2.92703656324018
2.92255120110322
3.21437085070021
3.31814724710835
3.32817072094617
3.24188301537119
3.2039960253751
3.12349149641024
3.09293636517529
3.03922075107421
3.16416373654227
3.18253327593265
3.09909083257359
3.09417808409179
3.03672286797867
3.02944009626811
3.5821049972937
3.71800801412403
3.75502302052815
3.82596423740338
3.51295548027714
3.24564273089451
3.17356788989461
3.12813876457367
2.98279902667497
2.98606176418178
3.07204786464789
3.23530849681741
3.33254244957009
3.27165589700471
3.4083768545357
3.47387730701411
3.76238840368904
4.0721682999618
4.4011140401613
4.68246321885925
5.15532577670639
5.57361940143033
5.81623710837271
5.81623710837271
5.74442515928566
5.81623710837271
5.97846304098634
5.88304275917605
6.22975716623757
6.24945256774157
5.80585935406937
6.14962559071786
6.38901660935667
6.761415318149
6.1525583325435
5.63456846078148
5.74419254493514
5.01983993317
4.65597802515488
4.52434817435948
4.39580100701632
4.6038468785996
4.47530252426374
4.35860178173585
4.45776509586452
4.69879363005252
4.79826584545084
5.12243472566753
5.1682645253824
4.94662430040665
4.88473016221142
4.69490620058615
4.55606830973738
4.55606830973738
4.55606830973738
4.47965061310079
4.33964758066334
4.40074694439871
4.11743296005742
3.96272907731981
4.34524509094349
4.36906479256081
4.2334405221794
4.24449827648762
3.98270610237372
3.75236470554689
3.50364869565685
3.68727768376511
3.81037658710353
3.89522528261312
4.09818995643428
4.08007003010427
3.81599538664914
3.95431006494872
3.60155445082929
3.20536705009702
3.03621812660838
2.90231966847304
2.83780554373845
2.72977855474286
2.59812746084485
2.53090445341911
2.52415583069347
2.57968350813214
2.58201134992446
2.5288715463139
2.46355437711263
2.53680269617723
2.45823603107119
2.5494115641069
2.55577880615202
2.52062228737279
2.49672507069964
2.53924497779486
2.61525248864356
2.69562237679433
2.76027880018223
2.85766923127699
2.88894766580129
2.89850924534526
2.8337437031902
2.76266454916008
2.66862798992925
2.76986539799957
3.04034603784827
3.22103507571124
3.19710262773965
3.1191660754675
3.34129453908838
3.71546567171078
3.68108399819156
3.65055723026256
3.72381754556271
3.64964044540518
3.59523296675727
3.66052092824049
3.68278924571051
3.68278924571051
3.78189784577221
3.84748611611283
3.85120451006924
3.90274125679807
4.1676115351007
4.27265468922947
4.37284566865756
3.98288926526419
3.92473872448103
3.81224189762269
3.64341275238596
3.61172377080989
3.75450748704805
4.10586825706112
4.4210233235107
4.42469802800464
4.27678913618777
4.31321480207032
4.27585700832271
4.14580033817343
4.16785565852186
3.99952166639284
4.0250834441388
4.17981260573219
4.13588987711014
3.9748854537256
4.19089267559655
4.22097094596382
4.40754731597013
4.38554005596305
4.24273617475945
4.41537492434429
4.63211697942089
4.68680155467009
4.844041777034
4.72670876555947
4.77672378370532
4.7081253496224
4.34941222983223
4.25004131329259
4.13025325544541
4.22919792689764
4.22919792689764
4.13025325544541
3.96797197691929
3.96797197691929
3.91463520134368
3.77952181394774
3.60111004196944
3.50361955684634
3.48408106060993
3.47300142163224
3.66200145928415
3.80037209568418
3.73997314513169
3.82162941470532
3.64620848616367
3.40388227152158
2.94011774608155
2.69395298580501
2.63866570027296
2.74898916771796
2.49641439515215
2.28366548074807
2.52332446781829
3.02727489727569
3.51993360713618
3.37426787221191
3.23948162198174
3.39033442131141
3.39033442131141
3.142132859252
3.07091317570276
3.22298421354166
3.52427849967273
3.41556159775889
3.38999425256452
3.50551551256247
3.52295202073699
3.2367555518766
2.94245385337237
2.61460878911727
2.50454713190462
2.66371875968087
2.78659734028534
2.54932919224583
2.37100393923564
2.34541704327253
2.26458917767717
2.2567343445599
2.44773252106517
2.50642789007019
2.43698364585821
2.37670437193345
2.37390323077207
2.43472627076102
2.49777615391316
2.55229363393718
2.58744320226745
2.6303364055159
2.68957256855631
2.65546310646303
2.54130090601198
2.46269554089291
2.37853856855711
2.31530296000481
2.40679344864539
2.49276580690149
2.49276580690149
2.47548039251798
2.38015502345362
2.38015502345362
2.38015502345362
2.27541957040657
2.02314358037231
1.95858999979042
1.90480775368472
1.84419455079027
1.94269490226411
2.23223574178557
2.1399426322264
2.1429662881652
2.14391127229908
2.15596239740828
2.28744199252118
2.39813092483085
2.42242009167254
2.47408950121058
2.54305391053427
2.64810121259073
2.80546068808899
2.9359340119478
3.0479441271788
3.19542643796627
3.51591607620002
3.97459191397093
4.41319336763768
5.0858162257111
5.17322265014417
5.21499031640384
5.15969381232069
4.86448304612916
4.80932917614368
4.7315710331373
4.82796121371655
4.74885542703803
4.83492824615032
4.84814662780694
4.83178318686173
4.56969763520905
4.5139973837681
4.34977650272764
4.26342702375851
4.1227908341197
3.87999649902844
3.70919183163905
3.50128412594704
3.32364932848503
3.10279898563105
2.94160448022332
2.83935277696709
2.59130150084577
2.50515829981551
2.40089166334524
2.39754932693723
2.40014314892723
2.39912288101387
2.3946338085824
2.3848308037237
2.31125560794133
2.28259578527656
2.14668029704842
2.10503857272325
2.09625587066923
2.00046578228875
1.97221754116287
1.92896337894125
1.9060573486523
1.91107090540584
1.91443163976634
1.92594618763755
1.94777406330724
1.97524425465621
1.97938072800832
1.9551921510659
1.92601065896418
1.92424052643822
1.87722539178605
2.05670311138219
2.14497316032992
2.39155148768726
2.51449577406645
2.70163513572038
2.85622513437788
3.11505255025671
3.37764527992902
3.59990313112852
3.56957064370267
3.68500968724166
3.88426584522749
3.88189871467407
4.15276581696189
4.23424547611242
4.60809861830948
4.86848646516556
5.11415513432532
4.86267068878374
4.48725912343364
4.35667897809222
4.35667897809222
4.43297325769765
4.65886301594889
4.95803117740705
5.15253381701277
5.02868149345992
4.98192695309913
4.98652513987597
5.00768424232927
5.00584249807153
5.03500981765295
5.15571918586818
5.36501848874018
5.03328357832463
4.66260068889535
4.42626231235883
4.35161410224486
4.13749430114316
4.00602820583246
3.79694189278973
3.82744277942238
3.99657383647844
4.4745903925582
4.74449025877598
4.8892292870847
4.41129212471475
4.6120529834897
4.38496590563816
4.06686563770152
4.02498106738974
4.11542936388866
4.20391694672661
4.25766149330251
4.55172549369398
5.18925416796942
5.12947253564532
5.09565794450558
5.17748058060178
5.12357145138798
5.17689129796793
5.01756449779268
4.92157377854335
5.00869123168311
5.00156982011881
5.20471705651918
5.14986017512284
4.86538320745979
4.63590493245558
4.73141778712682
5.08909342123486
5.29318253522262
5.2359417409853
4.94236131405474
4.75007208191876
4.61823528277568
4.56610647276213
4.42219449676656
4.31154180195228
4.21737633902842
4.12718217975742
3.87261890429742
3.71937973635974
3.65426760876966
3.75704301551662
3.87024173593948
3.90958196783882
3.7605032900877
3.83903547256563
3.90495698779711
4.25718104222747
4.12762339041889
3.84618571951009
3.82723983515014
3.92055188755448
3.87159321385854
3.83178828535838
3.72389834268002
3.72389834268002
3.6942029697734
3.6942029697734
3.6942029697734
3.18408586694855
3.33444222838485
3.10850847072108
3.10959375188718
3.28619138361145
3.3278515691466
3.53647849562312
3.61002450739439
3.61403906769066
3.67149021929017
3.82231037408727
3.81957303774757
3.85813291466068
3.57977295548909
3.52434579658648
3.1935672516649
3.05097150007386
2.91092993418328
2.80269355383883
2.76336823889264
2.69595129120441
2.74828157493133
2.7391620171658
2.78660031841372
2.75106445318
2.65968859135125
2.57578284738062
2.63533231109351
2.64641241933248
2.9106136230229
2.98395306049058
2.93542410298691
3.24468003174552
3.33829316210091
3.54266528235952
3.80485588470183
3.94840517117362
3.78589628744886
4.00791277641493
3.99952166639284
4.0250834441388
4.17981260573219
4.36476293635158
4.39044378971604
4.48283228051382
4.66215281196336
4.96143047417046
4.93728189502187
5.06751205804363
5.13934486775541
5.33977237665356
5.61405003713065
5.57521230462492
5.14758502589222
4.77413697944261
4.78314590102174
4.82116209225114
5.09002214192276
4.854011947999
4.77177537062308
4.64484775720966
4.72687155797176
4.90774925345768
5.0623360310151
5.12344107975248
5.25967004929272
5.37861169897673
5.97568508713299
6.30547905035293
5.59295462163818
5.77950663051641
6.41859056873365
6.31407168798758
6.14324765529159
6.21811901995554
6.21811901995554
6.14324765529159
5.77555304108335
5.6707777292552
5.86477166729431
5.83029245399119
6.03692187906774
6.2492315579384
6.79680676016799
7.04214046237182
6.71169265049637
5.96809744495454
5.21924472912974
4.93820946274245
4.86704534200787
4.65358454655158
4.76603221359456
4.47992439920642
4.6222679346322
4.9286341756825
5.2040782981405
5.84271345639929
5.67372607568047
5.70062986536233
5.68886872439362
6.01561387491904
5.58251625724398
5.32077154847926
5.07039606082399
4.87716383818716
4.78556129341274
4.95726557618484
4.75721113062162
4.5195463922288
4.13868806599658
3.88901173151186
3.68685311836267
3.59778150472036
3.54719212349543
3.78954425920052
3.82518076589457
3.89695184739046
3.72144092819518
3.57055093045915
3.55438230221932
3.55465310128035
3.50251128154141
3.42557606305151
3.40911273949719
3.37548819082015
3.42403605431791
3.60908558686885
3.75374389071434
3.78589628744886
3.73638597892977
3.71120228616587
3.81238065621336
3.84875190916153
3.92745479441884
4.06593055769619
4.26965470856176
4.26855280253406
4.09131381061368
4.15874683606043
4.09649604571265
4.11751242073093
4.36482683346161
4.3518783938297
4.54292627682811
4.37219378144523
3.89125840632376
4.29682765363621
4.15480327440285
3.97423069972845
3.68664854309205
3.47253955066757
3.10916753861228
2.9491122120721
2.91537158803138
2.77347524332344
2.68068786674261
2.77143861677083
2.74145934001278
2.81140410811577
2.82266087745115
2.52320308769635
2.40069094720929
2.35293683297052
2.29494723922512
2.33033211014344
2.25307166048007
2.11619781375506
2.04526863858462
1.96944711390045
1.98719145072464
1.93937814556773
1.97300061281059
1.90698798705584
1.84014576112564
1.85271663219224
1.87063595787017
1.84663535871846
1.85522929298044
1.89214052995445
1.99533898328528
2.0328850140787
2.0584126878636
2.01784047115494
1.94319073942222
2.0533288248521
2.07776111757895
2.09280671327991
2.20960817191033
2.42772100964717
2.46449995233216
2.42012392603636
2.32728631987535
2.31568580532003
2.27169074542379
2.23312799291503
2.17729820487958
2.11742009695156
2.13552140643134
2.16753036160656
2.11694310696185
2.04253953206611
2.03165322045212
1.99197530195704
1.98619427320783
2.07329920116894
2.15102324609002
2.12696438116158
2.015897470266
2.01729887971271
2.00234374887075
1.99393474393176
2.00654328387774
2.09125975927505
2.14962685348188
2.17764482223024
2.20171483588456
2.24147420970694
2.25580892089481
2.15845610202371
2.05454561845918
1.92243488958244
1.91440514913698
1.92113705721144
2.03498838309738
2.10624192119668
2.03427563782717
2.2110369412713
2.09245806403673
2.13477178435408
2.27334043726127
2.39155148768726
2.51449577406645
2.70163513572038
2.85622513437788
3.11505255025671
3.37764527992902
3.61854409080713
3.80174324100312
3.96685479014512
4.0761573304459
4.48155297554389
5.14548822676187
5.24363772457559
5.42834216973086
5.28197018438012
4.80048383558777
4.49128896222067
4.25284837527601
4.16788961032756
4.13732575407726
4.04707462844638
4.01442081993095
4.17038362810097
4.21771739800448
4.2774462408173
4.24108282907175
3.93233868450832
3.84607660713151
3.86573325439405
3.87043574825018
3.8912928886897
3.96708961666252
3.88838234388241
3.71023930602721
3.73995691922882
3.92412873210156
4.09425829062386
4.20829856112665
4.06491583306931
4.01559339363315
4.03851554281972
3.89731014868755
3.46019193239727
3.21099896099545
3.06492456908306
2.96413606786515
2.88777915178508
2.88031420607567
2.80936277023606
2.71363937016206
2.63537452918206
2.64505073264344
2.57320368407137
2.55541374503502
2.56256645093054
2.54379343814139
2.50760198038307
2.49160556924415
2.43462222833023
2.36076344262053
2.3501570277781
2.19938827748904
2.15494358556344
2.20646923213051
2.24032878701731
2.20461842282425
2.26019392899258
2.30866716090181
2.41947598568364
2.4465394261322
2.39436637710992
2.51455226356346
2.56384452412732
2.58727666715977
2.63392372763499
2.642793996179
2.74761242594436
2.81284223247184
2.95759681655683
3.10322926608118
3.39052288663209
3.73224985404381
3.57767086634687
3.59872035238654
3.72439207187046
3.63201476842998
3.77960259840214
4.19711105587696
4.37062106949518
4.53544780542463
4.87674388563038
4.91277971824744
4.98841614582839
4.59793183806898
4.37283362154718
4.03827706523404
4.03827706523404
4.03827706523404
4.40230941921248
4.46281936365309
4.56821422432989
4.78770833464302
5.14657837725733
5.53036674541917
5.7318122655887
5.8497827473498
5.6311883298311
5.10371438799918
4.92212526368846
4.90435657191238
4.76361217987047
4.54914838992567
4.74910976246378
5.07068575590098
5.22528250663887
5.34881383766029
5.20823518184064
5.11653946079749
5.05341078229521
4.97831092323705
4.91320852321318
4.72609164150824
4.62923177197046
4.60575346195272
4.82300779194768
4.8907488408155
4.74816586935567
4.72641375844688
4.48934675843383
4.61185340716683
4.61185340716239
4.61185340716683
4.35341608911288
4.34799837733257
3.85168294047457
3.60931945860228
3.30991429504293
3.21532546996802
3.10171681536764
2.96533340999622
2.98933293483956
2.97322088321945
2.89862852841623
2.79158578261241
2.767065024689
2.57683560823555
2.62681078944928
2.76122225194244
2.83011834864335
2.86963119316109
2.92076962086035
3.08203754334733
3.36057052783647
3.52624465499117
3.66191658786079
3.92306133150532
4.11393510030884
4.28921601413382
4.20437227052011
4.1674017086372
4.03199942731249
3.84220491304086
3.65114345556486
3.47531851099964
3.51528432674895
3.41735260007585
3.35011319966349
3.21818585351363
3.1649775667074
3.22709309643263
3.04966499869752
2.72612214786262
2.52320308769635
2.46659368242848
2.46778201790874
2.46421218856336
2.33288442240532
2.31225701050802
2.24804741282695
2.18598317814084
1.99228676380372
1.98010217107024
1.9758601339159
1.96286618322963
1.93250191665562
1.91539592167739
1.94064449940547
2.1527099458508
2.27108420181786
2.46449995233216
2.42012392603636
2.16652982758491
2.01195217785845
1.9453667939153
1.95634841247224
1.90848002833377
1.92875866036372
1.8624811689705
1.87784169080642
1.89607200203288
1.86257274337447
1.88919612563303
1.86704624108206
1.88784467611662
1.90635128092595
1.91716526973748
1.95774993522094
1.929481800521
1.98010033447037
1.97127171549193
2.02592983198907
2.05838503772374
2.18118151747741
2.43966724264326
2.5643327735632
2.78214439008852
2.76150480326372
2.70574072880725
2.61684718788344
2.61352492790226
2.59511215392411
2.59780476061338
2.64408266107824
2.71947135622856
2.97091697561281
3.27095501510091
3.48462724690239
3.58260777202779
3.49693090936028
3.82846341423387
4.227919107921
4.40809285906151
4.29762003690728
4.27042394585665
4.53890367475545
4.69539051959682
4.81398174422922
5.07644698941033
5.07173269530178
4.92488137206223
4.94685612420045
4.84688271868314
4.78128597412499
4.61318315528315
4.69329550313784
5.03264738292321
5.1318532672117
5.42816679275481
5.253942595492
5.79401129138195
5.75155669383157
5.63791443913277
5.71718037516606
5.54673637159663
5.63876185486299
5.26371101502501
5.05992206709724
4.76778312583541
4.27530795053405
4.01631860400997
3.93144481684297
3.82169609538736
3.63691754527845
3.51996953250544
3.34632595436041
3.33336734735673
3.39073415936363
3.33795127740927
3.33855329904495
3.24878381889275
3.25395779931755
3.25136028003358
3.26822892033899
3.22453744328509
3.23609230231269
3.28234105290552
3.47973873334723
3.53872201813806
3.72383562328728
3.89926460471124
4.07902839931752
4.33989153419382
4.66180986104502
4.66180986104502
4.78279165767794
4.50120037299348
4.43086028666932
4.17438899769455
4.14054909720141
4.14054909720141
4.14054909720141
4.22285946953825
4.13104128275611
4.02403110483916
4.07309825330095
4.08602965761463
4.01581369235652
3.91034373740853
3.88775036195379
3.84306341426352
3.81718517413295
3.42200581798705
3.12597046207599
2.86287531554086
2.67403650930943
2.67170503707823
2.60212503449102
2.51470007040401
2.44782077559457
2.45803947315709
2.64667046804977
2.91954406134444
3.45424943636244
3.73354611985579
3.84940827663639
3.73970075825309
3.8993135849088
3.92926310142522
3.83213412796221
3.70865780825365
3.8319321191857
3.88426584522749
3.88189871467407
4.15276581696189
4.23424547611242
4.83487515900218
5.32809931343692
5.24409631176166
4.95048973312261
4.94380436396511
4.78533355859132
4.71247061057778
4.55040133406462
4.45641288513731
4.4469472329152
4.52008679911468
4.57188718312896
4.66621122122562
4.78198510791525
4.55923138376919
4.47936748836599
4.36708199099481
4.43892636122305
4.66705959788062
4.58008674457877
4.54232958253707
4.42809834556182
4.49159225468297
4.41545224347184
4.40584294641988
4.46215834886669
4.49058234629543
4.43060201132406
4.56649405699048
4.76021579533508
5.13742704385444
5.35869545071146
5.3920200911711
5.3943233962382
4.90039555990927
4.89465059383849
5.02286714835906
4.90614102752599
4.85825678714493
4.93874896190925
4.43892986110284
4.51779277088204
4.51548192307398
4.55821470836087
4.62984894825792
4.89074426111206
4.73444381592646
4.38020004647752
4.00119903103517
3.77812056542865
3.66714628538595
3.79610078316063
3.76032905873237
3.9082380013704
3.9082380013704
3.99228837332822
4.04745631993714
4.21322716402091
4.13530884889653
3.8485421727076
3.50786709120948
3.22611874167124
3.28856847913136
3.30776126890892
3.58205297116059
3.74907145067904
4.03502372563192
4.47215753590144
4.66550234329648
4.82875686723703
4.71469935875276
4.67784973245143
4.81547749499074
4.77805421450373
4.73423055294193
4.57092424530997
4.54214779067659
4.56209948419662
4.43742062509286
4.18890430653235
3.91040303587876
3.76093121390803
3.7562579840701
3.5031282357219
3.2013966655109
3.27461625708384
3.28266271745076
3.28945524734307
3.38938896108837
3.58169728894927
3.96569761548858
4.1336080160332
4.1975445785899
4.22639998371319
4.19280554104714
4.08566227548426
4.12275476217221
4.12279226068007
4.02702926937499
3.71023930602721
3.73995691922882
3.71267048806535
3.52274293152499
3.39147519259267
3.12753624417233
2.83332476924815
2.6978938808404
2.46975723744297
2.33657200795854
2.30726007588656
2.24332921993135
2.16018117117109
2.12880688609251
2.25481810437487
2.20535200501486
2.31039738465319
2.32224627146002
2.43676830777215
2.48228277781006
2.52011809443114
2.56701337916609
2.51287085007923
2.51291892469936
2.47200339076632
2.49817342019641
2.6059634551533
2.72262384364662
2.81030366225767
2.52713903528001
2.76612270919521
2.8159109368306
2.7579517521557
2.76150480326372
2.70574072880725
2.61684718788344
2.61352492790226
2.59511215392411
2.59780476061338
2.64408266107824
2.71947135622856
2.94777637040901
3.04241248612626
3.18073077440786
3.19851846961663
3.31578197493769
3.70323938473933
3.8370549422753
3.95994504910525
3.9998011120217
4.1665951957987
3.98099382305312
3.99692663007754
3.35879439583051
3.07089090218968
2.95667467304591
2.90431052156224
2.52805270221661
2.38455371575032
2.24231154565403
2.01409010335429
1.9176302217301
2.01976369480172
1.97884435758063
1.97806201242723
2.05072393250447
2.00842577148498
1.89523615691443
1.77370848059227
1.69246483520329
1.57733430024838
1.59388699498303
1.42233019160567
1.36078467287447
1.3519027140431
1.42872263079721
1.46917984276428
1.51754045589897
1.66790654019011
1.93404894575494
1.90723097518044
1.78696856741496
1.71453764525067
1.59154524963785
1.63234491709802
1.82126810720449
1.94680520245795
2.05817861804875
2.16352828223915
2.36825786795426
2.2795902590423
2.40078048757672
2.6670963978211
3.12046911599079
3.3278515691466
3.40807512541222
3.37715273500103
3.41009277913411
3.32833714843952
3.25067983639888
3.0960677011955
2.87681535116952
2.54477045526991
2.46865691097079
2.49315963996971
2.48576041220283
2.46388532520116
2.47849472169246
2.40338929517932
2.31813772760015
2.37473409460753
2.37348532361217
2.41733830263005
2.39720788752894
2.55805518272613
2.70036537331603
2.73654436380598
2.82527655216509
2.80693265079923
2.85331729106291
2.96017382959895
3.08925879421652
3.2026666071508
3.2186814771794
3.23933381302644
3.28800741179077
3.39164029899576
3.58422111622595
3.35176535009727
3.77158958092291
3.85937116757469
3.69203163705881
3.58720470030751
3.45469966964453
3.28001084120239
3.22658497806396
3.16555610323849
3.01851988232932
2.94572086411671
2.83502600271093
2.65899185159088
2.57774219831956
2.54340823584041
2.51720835181824
2.43784541610505
2.39086699840514
2.34016898514769
2.28357280524076
2.23871411496184
2.29441128931117
2.19033455243138
1.99638008177134
1.92236013934477
1.8771106250487
1.83157006631354
1.88302463689358
1.83409152885828
1.77393839546305
1.77631535571246
1.79015678173369
1.84633381822201
1.88652066066154
2.01207661189553
2.12922790639649
2.1865823899453
2.36997234634967
2.66686771945484
2.92575937300136
2.8808305371313
2.75365367193475
2.76679995855912
2.85646061285497
2.92164574627443
2.79789062972625
2.9732025440462
3.25878298996761
3.7589343955581
4.0026133089763
4.30141008986768
4.56139904011512
4.82336020847593
4.85272463572482
5.20909771377579
5.61963908339426
5.98114239312174
6.07211727119798
5.94477433230114
5.92935640001807
5.64388818155751
5.96116998447615
5.77933511572229
5.75090441757129
5.86676350048608
5.67366724100231
5.67366724100231
5.86458784938585
6.23727861482703
6.84276138699463
6.10547022087983
6.85517261136214
6.67340243421553
6.78624800327549
6.53942889438289
6.05097240181145
5.84500933088264
5.97403061374044
6.15109773449239
6.23931327563953
6.14510900614134
6.34742884076853
6.18124320693416
5.96508994804276
6.20619601960476
6.20619601960476
5.96806897042736
5.78896675965205
5.81741581668637
5.91066396740979
5.73745702436689
5.9536892014714
5.91206182761271
5.72500417813988
5.67764910663515
5.72801873345483
5.90967338097578
5.64283886554547
5.02054479836853
4.63891088608089
4.61323001702042
4.69218883517602
4.58449133013292
4.5547291866427
4.49888713779622
4.33981672086627
4.4459592619003
4.42311777221066
4.34437743718866
4.34914395718387
4.49068709595487
3.91755415152635
3.68899677770291
3.61637214960217
3.7341909936915
3.74651540895893
3.72977161139372
3.71598136921383
3.7291961596687
3.7078873145063
3.7135035302013
3.72423989270072
3.72938336443303
3.71179052989118
3.55092463388707
3.41732033009119
3.34898144292475
3.41114752660879
3.50087323272364
3.51469892635801
3.51939575518265
3.51650417719766
3.65613191689086
3.8611100469054
4.02600922468076
4.08030548840976
4.28169647612127
4.72958909689248
5.09406426415145
5.30549374009268
5.43296148213267
5.54701102075032
5.15661644339718
5.31728882328553
4.87101694078617
4.77763372502728
4.68708495729144
4.69241736778867
4.07109584241198
3.69274436758631
3.59716344495417
3.71353409988088
3.78538715973141
3.7932273689585
3.48598418059957
3.35951095560541
3.17948361830116
3.15378590473146
3.24995831217307
2.96254225114916
2.56956074658773
2.58000310342031
2.41173567637555
2.37414825117538
2.4923817237695
2.45928619781776
2.44049615529157
2.65599670693613
2.66997253974135
2.75564644558817
2.85480980076559
2.83541983933389
2.96895518290931
3.03604468647809
3.13217368933139
3.27595381072642
3.7146593345451
3.85320612499283
4.1108562057856
4.22023474217221
4.55999373890586
4.30883380388572
4.29129511073058
4.40572099263915
4.42889160438426
4.16683770440412
3.91925420835799
3.7562579840701
3.5031282357219
3.2013966655109
3.29993246477408
3.34091968457921
3.36626729964079
3.41026130549787
3.3193223229861
3.04796524192202
3.01859659170327
3.04926786625754
3.07066084373148
3.03774299078954
2.91841657151481
3.04599880160012
3.13979180654927
3.35941767093292
3.55362628514458
3.55465310128035
3.45275264117891
3.31611550888968
3.39874539270541
3.37548819082015
3.47130205081548
3.71104027031663
3.64006594550734
3.44133065224743
3.44905596601268
3.30764540079721
3.13463659582827
2.96205695603559
2.77334390781385
2.54490972745903
2.48525832693108
2.48525832693108
2.48525832693108
2.66017763653687
3.08507936968152
2.87181132689791
2.68918287727853
2.67971500841578
2.86094961566368
2.73925300309066
2.65165799746977
2.49294041250166
2.36611821769741
2.10396277953115
1.98046172569361
1.9339049010506
1.89562255107327
1.83795477043019
1.81199860077674
1.84265854461014
1.82480028621549
1.84334224174186
1.8947255623389
1.97557081570693
2.24046661459274
2.57943291604224
2.67425293091267
2.79561963489801
2.94276709782142
3.14688961777308
3.3747623886293
3.50943810486907
3.60400110239734
3.72228023511492
3.64248015264317
3.68336912462812
3.72950449623117
3.80450779897974
3.75402467413518
3.72090536734042
3.79000071657486
3.79000071657486
3.69929111767339
3.64192052422409
3.63267150716974
3.57372253679647
3.35279718341345
3.35279718341345
3.35279718341345
3.37607681793306
3.43211641830518
3.51202996695975
3.8200485455961
3.80742403273189
3.76858952864992
3.80742403273358
3.76437338935846
3.67205404573464
3.58418177626033
3.24998365875429
3.10686364021197
3.14066388034088
3.20137589854601
3.45917664126911
3.53967207351527
3.62568770157214
3.79115039225382
3.91406375812455
4.21266792701957
4.69235920571659
5.29794913752566
4.85170173257842
4.43512814570128
4.51302177021499
4.95372363693944
4.89059386245625
4.51252099367142
4.38217001132686
4.49280218609967
4.91593384464004
5.16793635105535
5.20318675878848
5.24363772457559
5.42834216973086
5.28197018438012
5.24349262549278
5.1500282428077
5.19233840836218
4.99181446919185
4.89873367413433
4.8988574658607
4.78723021102806
4.6981303817964
4.61518321066063
4.53849397979881
4.42211277748115
4.06348168644772
3.7066469846409
3.55398294720696
3.65513240848779
3.52104726212575
3.56229807992737
3.5246225528866
3.58223514056036
3.48941848242852
3.35548455985332
3.19689802181295
3.09773476420759
2.86473736944738
2.73603651591322
2.64900042692545
2.66626573891824
2.56453970978669
2.49249656223464
2.29664454372178
2.05789272454715
1.97297675054555
1.91879315472144
1.87939727929561
1.8848930076434
1.82268455737825
1.72622099085739
1.80290390623718
1.89933570695776
1.98443888348505
1.94450104855795
1.97373111168366
1.929481800521
1.98010033447037
1.97127171549193
2.02592983198907
2.05838503772374
2.18118151747741
2.50619777971499
2.50891307137717
2.79946871246771
3.01387602174847
2.72020024116939
2.66906385697234
2.66151508542432
2.54786217783857
2.6351341441467
2.67197877398501
2.59846451968615
2.18437897221449
2.09024875336006
2.1223921095194
2.11982461576298
2.0843373845667
2.15718229846687
2.14388134476156
2.21782699256454
2.20948618437074
2.31264028315039
2.1865972820676
2.18249938071245
2.19000832238845
2.20676302499911
2.21479934616596
2.25139218197757
2.37913083284147
2.47537313809201
2.58037012646197
2.54414697161491
2.67912158727422
2.66922209159261
2.5795818211085
2.46660167514359
2.41853664079792
2.44234508429309
2.45432081729021
2.57831686542323
2.60258496966054
2.6351341441467
2.67197877398501
2.66669504067514
2.70877852970004
2.70718759904564
2.47249420640816
2.34574927527089
2.24133946682141
2.22207958547878
2.19844477014755
2.22700075631195
2.26785146182475
2.32388956733754
2.30322693228851
2.28703123036022
2.36037842587326
2.39308081074711
2.45850358219887
2.50516051659854
2.44320848734883
2.31753863865783
2.36259364782715
2.43966724264326
2.5643327735632
3.14792915141147
3.38884657683044
3.54265897628992
3.87817083910116
4.08207066742763
4.26957278618512
3.94492401653187
3.67657773448334
3.29965185352076
3.23061684100483
3.01154793401156
2.88260060886688
2.83471350466409
2.80008331977267
2.82503287869989
2.7039907993635
2.7039907993635
2.66695622157123
2.65950297858
2.70769463807953
2.65603633164639
2.62676776892976
2.58703121886878
2.54099111249905
2.58816073090757
2.79314352939211
3.09002947172161
3.15327742531665
3.13519181500712
3.18321791520282
2.99056186889277
2.96864067819034
3.0644803060086
3.11302866973905
3.21157840990904
3.30329596875276
3.38610741353843
3.49752958836061
3.6579230194621
3.8665072118056
3.96041412712582
3.96333135617382
3.95161739442627
3.86591882651512
3.84803016053661
3.88887607735491
4.10021973300335
4.26676178423702
4.36332384321123
4.38533754375277
4.43670431509135
4.63336965778243
5.13354919782918
5.15873945317252
4.60707963742777
4.30740493707995
4.32774441888469
4.36415129604677
4.34977674698683
4.29736076915206
4.20273956726016
4.16519640101347
3.81434733788226
3.81125134264568
3.94209844366423
3.95725935516802
4.03028881582742
4.05535719921506
4.08754208820744
4.12121253018694
4.0820415049803
4.08212741867299
4.08212741867299
3.97865256198311
3.93216008616203
3.99635690869705
4.16647129525001
4.39366387119195
4.20823555246389
4.08862345092277
3.84461048875194
3.84207843574474
3.84772245062697
3.93934056750435
4.00676418368661
3.69252230025006
3.71571296486312
3.74626409133605
3.80176050976891
3.9049418091839
3.92864475384111
4.03524165170549
4.0235703912413
4.24365653236145
4.78088858526834
5.17351570453133
5.36931230914271
5.40204316255972
4.69174704317552
4.53333628312304
4.33321933258463
3.85156850366858
3.72222329609061
3.58008778788654
3.41433353592368
3.34312666644407
3.3792879949444
3.40124392449045
3.43598581461704
3.68733182237442
3.88998992394434
3.80219137286404
3.80219137286404
3.80219137286404
3.81794886758514
3.86045153379921
3.86045153379921
4.04530403230067
4.18175537643377
4.08137530325631
3.85422778246944
3.54831573326138
3.45122232987392
3.31643985505457
3.34155014678114
3.22501162332876
3.2723214015196
3.2027943121472
3.2031200009506
3.14154632458837
3.0698402625049
2.81060014092271
2.76315511850186
2.65987519232939
2.55207586805015
2.44023520466759
2.40569349789836
2.3499790589294
2.19033455243138
1.99638008177134
1.92236013934477
1.8771106250487
1.83157006631354
1.88302463689358
1.92555447514627
2.00494204456765
1.95713233285376
1.99351098406539
1.98887484023762
2.06263818709818
2.24279799748474
2.28917233597669
2.22005401222023
2.27688934428908
2.40780336128635
2.46705218880593
2.50386855465505
2.56886731138087
2.61776973488661
2.63646928241577
2.57437522820647
2.55574815478868
2.52707016120042
2.55977359666312
2.59678972537972
2.6857884676748
2.79077817933345
2.94052094408443
3.04911054197381
3.01812777521208
3.05530860591732
3.10205360243036
3.12824049914603
3.19238254835318
3.17583398654413
3.25595130037237
3.21770856612598
3.2940768681673
3.43472261679189
3.54283658216509
3.67866066782294
3.76850161710014
3.95486773132982
3.98064149971906
4.2122939457982
4.35996999272771
4.33672604903244
4.22596206562982
4.06659132390774
3.90782686338807
3.74196194580899
3.6743894397292
3.7124001020445
3.57113800907037
3.72009358673469
3.54539646222252
3.63001113942221
3.74695340187629
3.937715315017
4.31858571635644
4.38627047102082
4.50483631880939
4.45997207131076
4.54549111607415
4.54665668689629
4.54665668689629
4.40893056624109
4.21608788151206
4.08238625326761
4.16239641662561
4.53390399521845
4.79809083298438
4.84728946818411
4.67631614523278
4.74307162335444
4.70467242366347
4.6193739413743
4.4749766432606
4.40342765772962
4.09705237889004
4.09800857739966
4.38699062235222
4.63211697942089
4.68680155467009
4.67431497951702
4.50602788470556
4.51587196320742
4.60252019155325
4.17288619240372
4.0752386310259
3.93921780010117
3.93921780010117
4.08712784300755
4.20126757694061
4.0471286681464
4.0471286681464
4.18103425126028
4.46069773784246
4.33747109472938
4.7613899050331
4.72899363732199
4.5137063830204
4.60848245191839
4.81002207445258
5.49369925758038
5.16095607492058
4.97792944514025
4.91209254432218
4.66857508381998
4.57504947069041
4.65635280252979
4.35181632421728
4.31527590864619
4.26381142592108
4.50921720898664
4.30324325145677
4.20195275302928
4.09419791068661
3.84850514899928
3.57651201781603
3.42919384932366
3.26275194790974
3.20169274360536
3.06228474370443
3.02994665253834
3.05494805383695
3.12269359454522
3.3019608719806
3.5111426903746
3.69830415325269
3.91147168677232
4.10422640768484
4.14488042416144
4.19207307172005
4.1409356341072
4.10378224840465
4.09344380723282
4.03331614918631
